0.6137103558303382
0.10192688260088972
0.8862238183358476
0.10691531271698491
0.09624430507713094
0.012155732649460939
0.6012475620916814
0.6290027737969928
0.7814894968345713
0.15315055419357265
0.9708078471804238
0.3254320564309149
0.025287067798882415
0.2994513445561031
0.3217099600124744
0.33808312956950193
0.6467816985635223
0.505601367798647
0.7308665632406275
0.16891334533126762
0.26491447255860984
0.1015848000886026
0.3378458328529186
0.10228400248681196
0.5529300620745301
0.9486305273905188
0.7602836163599141
0.08701937575882639
0.5352042766390238
0.7334765945652045
0.1497208661959439
0.10823788864062868
0.6820981526826891
0.5630356385664878
0.19064635241553338
0.24278805906365394
0.8623472702551269
0.5686409793321064
0.5145750246636466
0.9866839767429686
0.758064731822363
0.7736862153554144
0.20095400369842453
0.39758459566150495
0.2120378425261506
0.6844770071090192
0.41092019445110695
0.4402598950550565
0.3277542641776137
0.7756380661686275
0.926037322578237
0.8717011743491879
0.14075042405386273
0.5076798820789457
0.9590269553786563
0.25694818026825494
0.9991874099415683
0.2060220606679978
0.23777530814910028
0.5528797678452116
0.966671070511462
0.5842840634735517
0.5684102625709745
0.7386551040712098
0.0564062791466794
0.08484104971810165
0.10205378879909109
0.514898816153433
0.2887409698236961
0.74886045461729
0.8687471549035047
0.7024350168004683
0.5780031841680925
0.3591803106669179
0.41972530246813433
0.7226412438804625
0.7948632109475258
0.4892186021091257
0.9370696973525885
0.6037486059612275
0.9122248487111089
0.21997099362969763
0.5201137041890033
0.1838791257975349
0.18065731985076042
0.27654232401732687
0.6096631086451864
0.15500454004568318
0.72678111347302
0.016800580019681256
0.4114403109315102
0.04519084718983603
0.10227358559503975
0.7168645483066952
0.10149114909034912
0.05974514865821451
0.1953260448124371
0.06642989707530356
0.07285729058540008
0.282965248534315
0.6890031102699914
0.4971287368695697
0.19582300755523036
0.3499865836428876
0.05967013111049903
0.5151936632684014
0.08755219180137074
0.13069588922938502
0.20979039737240301
0.5285561916321388
0.17119788872815378
0.6660857679192058
0.48841931920410314
0.3135106207638993
0.997486666555739
0.6968985229756008
0.92310082055741
0.7348445811021047
0.17680583929665966
0.9606629263683119
0.9991826646784837
0.14550563992102014
0.14414603809833926
0.3534329791750615
0.8887984472606172
0.6994126993889377
0.9953358024940436
0.22512407669469053
0.12686922321542415
0.002968459249671217
0.08793531237269535
0.3309941115138534
0.4755426451631228
0.5892911314953806
0.7133417444086476
0.28470009911005123
0.4398917812390069
0.9993777918890221
0.31886525161547624
0.6682164077945817
0.558550482003561
0.8467580935190214
0.21189021291229954
0.33346687614922377
0.6539641542894624
0.5858782188549202
0.43800327312660997
0.1483144865735802
0.059695399577897025
0.5089765485779053
0.016748032947137843
0.20917591961451998
0.24742485783760945
0.18283822538433328
0.36376925348455297
0.132846319165238
0.10540281852977391
0.06618550602152323
0.16766578452072745
0.05340026169029341
0.03298666240797393
0.07981683959102795
0.20389072847762238
0.6998556031236005
0.7674514388573362
0.6242921502803741
0.35669020457109263
0.49006514181856925
0.6172271441362358
0.2312153232788297
0.15019772829678457
0.5770849524908983
0.8213539949245314
0.6314158853621907
0.5529993752736284
0.6249637832276813
0.6328453015836337
0.24865601224406295
0.2320897305075417
0.8579059487832739
0.9474862776624271
0.3716323069818341
0.9637382670802572
0.9157708810036274
0.6658446218818327
0.9716805306348315
0.9750727493262593
0.9995857637761737
0.1698749704612098
0.7924011318389131
0.36885199202029734
0.25315827567795923
0.14833328170030377
0.28247374425026184
0.01681327912630048
0.3571533737153389
0.49133497677511434
0.8459209265705836
0.2704028336686262
0.17177828390546224
0.7006014916492355
0.6113835577396853
0.6257113831097421
0.6395536796713351
0.14576037050220886
0.36867930072888444
0.13102190055288981
0.10701524981107911
0.46714608822762416
0.2018605307847308
0.3347542803528834
0.5590910052509066
0.05720960149514307
0.20399687563132196
0.2231187247138358
0.054039565168390695
0.6299992840892912
0.14902107470235354
0.1180997993398557
0.40012247298485587
0.47504195338183136
0.46051677291320625
0.7739063360380265
0.059653367365245284
0.4454032965901425
0.483229455637223
0.9484212909431337
0.6744505731177184
0.46147747565299063
0.4002778055598536
0.4532339032125087
0.1534694649395408
0.29700746970325376
0.822488525543015
0.7748087980212431
0.4096995316208273
0.10237917289889056
0.6327921459027837
0.7588750781465842
0.13578689732706364
0.10253155096259399
0.1144614945203536
0.1224185413084931
0.0729089396080205
0.2252461408829808
0.06283833508727031
0.973884878402952
0.7613182431210003
0.7408321505611251
0.8222945930682168
0.5595554081983988
0.5354817126021995
0.936811993422105
0.7056729591806227
0.1057342366049129
0.618295684690435
0.05968224617095983
0.1280068896149647
0.5656284453901773
0.7423042347946202
0.7005265750106164
0.26835113672192823
0.9842101267505353
0.7238222293834409
0.3913532871158374
0.23299244742028116
0.11410829411889685
0.4971587274525223
0.25638289704653167
0.06610082166979248
0.224873779402938
0.41423777436716647
0.07990584446602766
0.056427345835455875
0.07663108923572864
0.3244573133557346
0.10648403147559474
0.26786434220217537
0.07664684486838312
0.03960658948845555
0.06281778621723932
0.11775323150025245
0.05047408225728549
0.7668349694226653
0.8872917613220505
0.691729297373767
0.5745651025468264
0.11785156303761833
0.214449944276994
0.6042908116778322
0.5263942151953256
0.432214464371973
0.1531002366585092
0.1057322962343602
0.18327682161235662
0.7317834426978271
0.06606925787139074
0.179923341589348
0.13502991543401036
0.07648129294798325
0.17812411065198844
0.05949408817433266
0.08690748386803136
0.17829048346205004
0.08317236651383904
0.018276459255838262
0.7141642298049561
0.16545183160876908
0.10192493279233485
0.27923742680307345
0.857041517407081
0.17826617596228397
0.8538398649236814
0.9233819953810045
0.646119220662541
0.5081461050644197
0.8821894803633082
0.3927448049656235
0.7484260937433495
0.25927578878601076
0.0766206294718738
0.11338119055966629
0.4660383425116658
0.9024460131811262
0.8676042230749971
0.09112230693074645
0.8740196857159354
0.33000347243984657
0.5685878230430744
0.10228492319173767
0.9888504599317288
0.28918176463432566
0.23081497677575355
0.19807063567379649
0.11758990131598943
0.11796375410939278
0.11339064355422546
0.06292703297518393
0.053408922852669814
0.10952951050512143
0.07634219025425132
0.16795655868753334
0.039557685479109816
0.07668081353449194
0.047713370709380275
0.07621967116813946
0.07644117979883949
0.12211262224474029
0.13071531892131444
0.2771431790313201
0.265997296417116
0.10969228219275103
0.0839907616828785
0.15783429871003746
0.08006504932835781
0.045203321843510495
0.09062777516619688
0.1137815395753647
0.10960206272854275
0.16300665553897964
0.10179000308854744
0.04508311584069594
0.06278956350911924
0.011023551013073181
0.07280437251194222
0.13044793999562498
0.14874745487034344
0.047752745999353675
0.12189936373853084
0.4011576879163458
0.09814719187070205
0.08310286455244736
0.047861508901694355
0.3195602311403853
0.7402293238599446
0.2365667880029796
0.6981660234694043
0.6412225378013614
0.42083138025373623
0.9999885556447119
0.9681082923283033
0.6801076145944543
0.29693474556578164
0.5443553126484512
0.04511917280435705
0.5930715972089019
0.07978691596889495
0.3370364509102532
0.7019184705483549
0.8190574201043165
0.4229501592334387
0.08006812057300855
0.8610669162503523
0.8372488658908965
0.9712093394355833
0.026505368283215175
0.14850586982819383
0.047728026451634716
0.030634143859508682
0.01673496604345708
0.047839280918637844
0.06945638807533246
0.059658026788292226
0.024492216576145663
0.07636467126216444
0.039606364471412414
0.02645363530113012
0.006985319165195934
0.026467949225036147
0.011005709940632198
0.08001215512027743
0.04225995270153984
0.08328441323436084
0.05951598012594302
0.11378292690719227
0.67848258069819
0.1828762377584438
0.1259852721974845
0.09450024239929777
0.047666880439849756
0.07010629902029972
0.5559802891077191
0.1542864889114774
0.051001944134813675
0.5886722857454282
0.5747635677865959
0.39326119806317655
0.5504052323759666
0.36067510493994676
0.019867506641295767
0.028547893391302346
0.08347605648774971
0.13488998945090727
0.1439160791789712
0.07675032320285606
0.12612625690437002
0.1180779585973547
0.8814596837458758
0.9816317978412192
0.45315819963450144
0.7196832617338755
0.5560078557633844
0.2721404516229387
0.9868454520644392
0.7685411515283331
0.6899819850202482
0.3347893516444863
0.7803348735314138
0.6998451922844553
0.5893157459081213
0.220762426373751
0.971256533246495
0.7075361222210858
0.8317024906074408
0.23814417636944835
0.9595259938861294
0.4545108910430846
0.1398969824751186
0.2794426202575335
0.021281111171195743
0.0627007780269952
0.32275640598232813
0.3021846251188632
0.02007911762843753
0.1259982468340302
0.1791457901547663
0.02449917609264101
0.4770805931426785
0.6018626255260182
0.48162869426195803
0.047936167802474804
0.4444550340183719
0.44454608228558606
0.022868816243702555
0.2795302131718539
0.16754716276444465
0.03051739954029213
0.028514027011963462
0.04241857830590418
0.19810332812184828
0.056460748996973883
0.1682335197091673
0.04510007593891525
0.6765592512979968
0.23336338088256858
0.5173515258750496
0.047901595498877736
0.8216058352991085
0.6451203494650148
0.2373038186586726
0.0069785545481575425
0.6651636739316594
0.5579471711623305
0.015444201416771754
0.4121199183516349
0.6793586046951494
0.1184092969770827
0.22002593630197684
0.124266146167623
0.15122900942064943
0.3163526835989771
0.42843888781518347
0.5941033818056152
0.6394290731361653
0.8381424471869033
0.6332436613961226
0.9865304909537919
0.4356627223192911
0.9146513129130339
0.9719214197601143
0.09072308693814529
0.03748789888566435
0.20885079894900307
0.5039450405985402
0.31274411116303774
0.9866611242247308
0.10601000342842012
0.565685525212656
0.375673715324173
0.7925197792507258
0.791851118364868
0.8297395771509614
0.8368353736325865
0.24797138542628305
0.11657871354049908
0.729529882459411
0.042518124252894134
0.11016429536591951
0.39155825325167437
0.4721212719388499
0.059473184909753486
0.09325135875068297
0.43484017344219544
0.6523192388958968
0.4999782760809367
0.4239946993823793
0.45393702388263835
0.004049194541404038
0.012149648778068355
0.48529966945596853
0.20317695826089635
0.016848326767578404
0.056444261386942314
0.13212435585756221
0.05099265963935889
0.18298211315193033
0.059744625095486906
0.10573095153511375
0.837901169125799
0.00698184720843637
0.0033346745507269416
0.02453069654256057
0.5503367578236452
0.6659519429686908
0.6928132967041669
0.6312248811709832
0.25722243139032747
0.05337173762184141
0.3187437090476784
0.6476149330926532
0.6589013091778485
0.5284298601325664
0.29703264694315107
0.2708110767149369
0.21111270801641357
0.7402610687638367
0.7125214301912632
0.12653634900868058
0.8826496480659975
0.8388385641316801
0.7558426564989312
0.2485373697733209
0.80553965190855
0.34193743750803174
0.35033032182565654
0.06940610654061803
0.7913198778457844
0.3239439865553381
0.5202823765419118
0.20400980278970543
0.5059921782025382
0.26074328523602947
0.9674538002435881
0.4171413184157554
0.9954860051134173
0.6571866317805495
0.7845621997481713
0.9199822536647492
0.6687608029731915
0.5090797926456048
0.12188593952437325
0.3173688289391156
0.4112132098547963
0.40840299525851415
0.07983424563356072
0.019860929916779606
0.187686669923869
0.5098870800022811
0.692912671930189
0.5509631575679791
0.006340850566852965
0.03505827060482387
0.09820819639343048
0.20433163214023023
0.12204051496446602
0.013096883689607625
0.010043298436944034
0.13100100603291304
0.1983409314469859
0.06621253621723075
0.053473335054821464
0.8979593660017628
0.08315150533318466
0.6720629123054703
0.05044603065809183
0.03507402018385956
0.005791929685145489
0.09496365718042574
0.23739443797499304
0.5087274011344342
0.014200083903632208
0.037505326857548364
0.7267433888386281
0.5815266242179074
0.37927008581783483
0.49291945663249326
0.08754179034890006
0.897383480517389
0.9143779220546332
0.4867942794583122
0.7342924262236205
0.8063616162510323
0.6925156430191031
0.8653058451315194
0.9994232819379449
0.5271675058998685
0.7190510974710719
0.9637894750929371
0.7842426080433967
0.7313141211670854
0.8210547423693967
0.43092043063450597
0.7723391590594237
0.36280136897335796
0.8291130512557352
0.8650614595468424
0.6462129854318697
0.7804778094415931
0.8063082286387537
0.1177197945217649
0.2979453742352896
0.7601321078406261
0.5336805639519364
0.4850687230485847
0.4097756954975014
0.9713373134820293
0.5336027873316347
0.8773188256811767
0.12758788302150162
0.616910948955197
0.006340843099230909
0.01673485386715464
0.01824818039059408
0.002160349519871803
0.0018441456318630028
0.9773251422804541
0.1884150990029501
0.03069740423961281
0.6043435314388745
0.053315715030657615
0.0052877833383961756
0.05978343594759995
0.0595262165866881
0.33580379094307067
0.05651841791034356
0.10562546543246959
0.030556455254760504
0.4959327266364415
0.1494194349202553
0.06610096800456532
0.018240665894663683
0.003738026950746557
0.45272852269524333
0.5223838441171532
0.3048739254008277
0.8028015660781875
0.28135643931217
0.3027743567205776
0.07265428294009506
0.7081653096478717
0.31687466856604873
0.5342530489174792
0.11798991324421104
0.9422787736394667
0.5817562600024225
0.935838622353266
0.7411959376237774
0.3553109458543023
0.7487654073906013
0.6468532062262965
0.47010732397003063
0.5237083199698984
0.6186550939590663
0.1177057782299061
0.012059416566680985
0.38083792440621655
0.7380375401967184
0.8058204421618299
0.1150212977057504
0.9153154812483336
0.8718093715144382
0.9485345779934901
0.08692170683884153
0.9474080308957339
0.8310937727059367
0.045281416430382276
0.6168698302117765
0.7413480407251553
0.4325908228291566
0.14460554115635457
0.2826235259773066
0.19869743379511276
0.6013838197580321
0.0880554029286907
0.2597075138610583
0.050658670114012413
0.3812109131858452
0.08920074854866708
0.5797020026759085
0.6079878313105738
0.17844053299160834
0.03289894336666088
0.09418567218178273
0.030658184467841788
0.08717705686756214
0.3506769737790666
0.22795214568160815
0.36202410402433266
0.28935847477805704
0.21485717820908753
0.03057248358253817
0.31818023661321215
0.72017937935452
0.12641006649015826
0.6778071490364783
0.33744134642996687
0.4021311569064564
0.6248224329365029
0.8154996267598897
0.7041675183734769
0.43065389558110967
0.22526468494872598
0.029159902935935324
0.0960364735604067
0.1229813268788806
0.10941883837761993
0.9637060147471359
0.747831715707242
0.3512742984872723
0.9712431200688155
0.4650662950860415
0.9814939810162909
0.8441929387068899
0.7003386656908839
0.1648177647056683
0.718719212570014
0.9889984638205311
0.5523611517699585
0.0659368694406473
0.1305634419953649
0.6969852331419447
0.617026523013838
0.6993139977867123
0.9928297579900571
0.8546823557051858
0.6182980111769356
0.6237313004482988
0.2148720179815215
0.22073451017415835
0.8065897296851942
0.20654406128720953
0.6639753155405334
0.10564934682844802
0.29176229413892835
0.1680023190282606
0.08317373009959411
0.2968882953267412
0.06931769205194797
0.8450230959276991
0.8299401281312678
0.2789239348081884
0.7340356937923719
0.5868870318119046
0.24968172224897256
0.13918623831687724
0.4502885431511147
0.09059701262264729
0.079793484914499
0.39950330682015867
0.18889980536351275
0.44780210410132704
0.2502275503550024
0.032900573869351774
0.1240930527912523
0.1536694821684187
0.03962768467438355
0.3207552102066357
0.13958603677388054
0.09811377776746642
0.41154897262602325
0.11859957052566214
0.21922767573946916
0.2891827616683703
0.07649813611715434
0.10703331037845294
0.8129241967849775
0.5374210069320867
0.10590608276486363
0.7195984035176882
0.2533445878015324
0.7412534715854403
0.9594408044408114
0.8146423404049724
0.42181797245092884
0.9155139275862864
0.9866078367324274
0.5965109457764726
0.7898260255136811
0.8638022996269279
0.6109122192820048
0.4225843711139538
0.9635108252155247
0.2532859591223776
0.4988824249369832
0.49730207320989833
0.846115812593859
0.8902635850416682
0.8144946259334592
0.6450472719375417
0.5357118161757286
0.7533105368999196
0.923154575770101
0.23298508488281508
0.7975772536138414
0.7073446485608184
0.7674762834021779
0.5025561591683964
0.40034265665997454
0.27995050204138017
0.09445320917010269
0.42255961267892256
0.18873838271390408
0.030566227154129096
0.1143551077250461
0.20352275341877646
0.01675472831438843
0.056413240834654696
0.17257067637198123
0.06913452594601101
0.11788665620033739
0.16799972954421713
0.5319308293970046
0.14425852651309556
0.02138677068620557
0.1947715426173184
0.39132677477321776
0.6070768346099568
0.6930847250854106
0.004869912483928783
0.6671026189824288
0.8069922245808365
0.8064228461880308
0.8557622959346302
0.8067334556254877
0.7908733510881039
0.6437232947469498
0.08674496970429998
0.5808828213446712
0.18479340417612822
0.193849803347838
0.597428468333992
0.07320156778189085
0.3720937543803875
0.4729439832332454
0.9415327441639788
0.4996457933716427
0.653645382952892
0.5408982891025615
0.9842412909723149
0.48055062983288305
0.9986419219192054
0.8079770906539085
0.6239817039835092
0.2647252143578214
0.5288880576406126
0.1359555960071597
0.05714638736124238
0.3324410965455291
0.7808880224764073
0.35086181605918343
0.6260712521022901
0.12792485326004296
0.7628158951903616
0.8213877497805285
0.42533365672143714
0.8395904467322132
0.9630793074843413
0.21754253770788226
0.2707635217491964
0.20967493060890072
0.13554513892878847
0.07369137392432361
0.48875917751194214
0.03740166543031388
0.07259137046078255
0.06612495226754343
0.16317749185166053
0.35283016621283825
0.7271151708504601
0.7682513722147407
0.7982997660719913
0.7543573494607461
0.8568090299113966
0.11751478777961491
0.2549919621757086
0.4221233484642302
0.04502045688301702
0.18806930427946272
0.5724691358279743
0.26137666432047535
0.7328739748136857
0.05715750839662693
0.07297941470598399
0.9302778049840948
0.9230803281854526
0.9545833495124977
0.8991051768400738
0.5732607126669851
0.3040465076342856
0.33312498705186966
0.04499383787179895
0.04517470932170103
0.13973292350113076
0.5235048031496782
0.07091369049095982
0.34257699872140457
0.1807734467214381
0.8531835240318367
0.5443583119173272
0.9157045797987843
0.5263394588781481
0.8640004926403615
0.864131499610142
0.24837054584444454
0.9842863615879076
0.941566918411218
0.9986311374321243
0.4740091580031123
0.7348048891645015
0.38127510034972406
0.11765992219790383
0.9536824612136653
0.5227324879068445
0.9479353151949432
0.7619645690868979
0.7520332928262886
0.6184496314235306
0.5280557803895424
0.8563395195693446
0.7547918998392784
0.8971886980725972
0.1932709231246353
0.7980139764416405
0.6947184826626671
0.20907408124066879
0.1143098030450469
0.42594029775566966
0.24924916757865465
0.14404570289793825
0.028479042627032394
0.2205330901332668
0.37978769206467383
0.6114886080379404
0.8069323015830921
0.8065433368526446
0.9155090652472962
0.8306210537852381
0.40168881747148666
0.07751498179918233
0.6388543110827778
0.13521369563884794
0.12611391943542632
0.4999706575422069
0.3812740161374895
0.4826571029127055
0.028440897760173514
0.23671232663516595
0.99427455942973
0.9365563869262522
0.8062489185350376
0.8984599197829213
0.839116105086039
0.7620326511244148
0.7337140439214154
0.6911866100270468
0.11020905174351404
0.19452104520938554
0.8962023853332102
0.33241630157311275
0.048171087577940405
0.18072173441597505
0.09847505436995511
0.9145108556950478
0.9131204335766109
0.6637071004153225
0.9368604121365572
0.6177696220887486
0.8517618767117024
0.2975025458116473
0.5350642077579377
0.7479705890426033
0.9638141595619969
0.8812011970481781
0.7523790236933974
0.06595153438554538
0.7902272533509405
0.5185671623038149
0.8990337468174551
0.27735586954759345
0.8983638650365334
0.7904039659073794
0.8740533855828637
0.11378128927785232
0.9670678794854752
0.7069982334002619
0.5336170084148377
0.847247591574196
0.5066081240464944
0.9273163516480184
0.08681168786286082
0.270758620630672
0.10991055508816247
0.024491342560333765
0.10318675514308048
0.653182579028892
0.7544491348976098
0.6098260829938688
0.8065473673557634
0.93028235428142
0.8983884971337608
0.9637747392435378
0.380832382067174
0.12246910996301585
0.5267273849457216
0.17329719242251146
0.3354591350625887
0.47434280903807036
0.42283116120137276
0.3736884637089669
0.35419454792325056
0.18547887318881073
0.9784273560175539
0.7834424002837209
0.9541923767230883
0.8734052369942069
0.8815251971103591
0.798561641272327
0.5512024164454196
0.5001438163023961
0.5267286102472896
0.4236585471815976
0.5020285338256906
0.2773728423907278
0.5455969405603158
0.05340102468014032
0.30262522140187975
0.5521128269919563
0.19924278869085413
0.38350614974386826
0.9124492404052511
0.7989875923993791
0.8235831217971026
0.9638112789061258
0.8158258759941875
0.683880125169717
0.9952710446493448
0.9281059291507294
0.431487506807277
0.24820533628386782
0.10979670309566056
0.1837607053819587
0.24554528959194605
0.5971538300381306
0.652075631624819
0.8826113254910501
0.4844074818506654
0.01988726220335258
0.19326934919037847
0.6693966594257182
0.36664400617868326
0.36535423803193595
0.48780667237680064
0.5314941638350891
0.1259613704721039
0.037635405966933606
0.14621871962757246
0.624622639981354
0.6322113243167459
0.7200944939823429
0.713568878460714
0.8475437094903262
0.7201385187072534
0.9433226769216579
0.8566902610468432
0.7841761287703469
0.43338087225222743
0.21111110894458077
0.6587953888996737
0.20963697093563496
0.4237823258453684
0.4835312831006199
0.47324085759131235
0.5969975576568275
0.5812052321848329
0.26905795345994166
0.799250852254151
0.9149977299488107
0.9491088517894464
0.9492040169604147
0.8135362428079768
0.6662644207331152
0.7272636888209202
0.8386348773282983
0.8303627124115904
0.28350769715540614
0.39279188133603576
0.31155849990967543
0.49198511422832714
0.4999462775771278
0.172806924178728
0.8075176943397052
0.44197769796578756
0.7897710221808292
0.8206079850751584
0.8046956272498484
0.18991261232699228
0.4931302034056017
0.889325068827141
0.26589792984979704
0.08005233439571034
0.39433041275705755
0.042340068017718696
0.27330852164533576
0.6508082080790871
0.632391293533766
0.06926284289101933
0.9637868518594573
0.16261185224617528
0.7869218683990796
0.9221105940172543
0.8892026168254524
0.692758470472403
0.18826742525483128
0.10568656396808773
0.03730922685639833
0.5436828225887242
0.2835698532106494
0.5242217490589721
0.5061863901837086
0.011021171621401716
0.7760688555838374
0.7266069139683548
0.5486744989826021
0.7207462349128333
0.8228230288424001
0.8395291735297701
0.8476291067367695
0.9975204476925672
0.8730383126493665
0.37169427800563454
0.6530834497738518
0.47283587099425467
0.2430214517996108
0.5095419856140339
0.501120032058419
0.3820515427059852
0.6171184389742164
0.643614684306674
0.30777924392594
0.8993745702515934
0.9841771932931184
0.9638143726708961
0.846199691026487
0.7989255478723466
0.8391155106795452
0.8723914509957877
0.7199015809336207
0.5350772520976699
0.6230363127665618
0.45615444969578484
0.556133434046229
0.38266793379158637
0.2216032440930757
0.17860524946389142
0.6835939960934482
0.43562279005651405
0.5746713244908153
0.6728340436731729
0.9751214501964043
0.9994237052736082
0.9585539522065403
0.8147623883878354
0.7602504252135229
0.11376429573580238
0.9981066597071889
0.1781032646543627
0.29005555732657917
0.25431708582571577
0.13542280986002259
0.1438874857630625
0.6077510333185818
0.5399714042893066
0.8371351636385114
0.38553765167837284
0.12283733332227469
0.7544999183852996
0.6463450736776651
0.9067988194235325
0.6939471062047331
0.8154101866140734
0.5035905924771376
0.10199621104493735
0.6177473635208592
0.059770733054559155
0.783795824222209
0.8560473168209205
0.7342390661517447
0.776400219291573
0.8900540528130287
0.9364440927131946
0.9425325925952536
0.8650629262377901
0.923190353125449
0.31075170991715206
0.8046039720973808
0.5003179484095428
0.5081580799910976
0.46439038118249715
0.47403486084431684
0.516812263521621
0.4758913094674149
0.6384644447929085
0.3112959308480455
0.9076257315796724
0.9594420871088483
0.9868053414573521
0.8392581705951693
0.9070762760511939
0.7993123205728746
0.8384396277225958
0.597404618812531
0.8642813621534916
0.7337532239477993
0.692770184313057
0.3344711743529155
0.748934015993038
0.14061060228516306
0.8293645469515408
0.26555652975270383
0.9591110947365944
0.3107242929841099
0.5428606804907972
0.4645470470027349
0.9372520438084585
0.2964536689179471
0.9989833110181127
0.12608086127290413
0.6613276358337725
0.6593703737453293
0.10954404801553337
0.9222148982259923
0.022899108183593083
0.6649045680445672
0.1303573482691731
0.29974436745782845
0.6975980503739244
0.4667094945320004
0.16828529070390716
0.9131665304022766
0.7456486664632961
0.10199769887798933
0.15814862520543974
0.8134872864765199
0.09096803576124006
0.5185077441760383
0.3040559135821496
0.23158622298706596
0.5568204274046595
0.7405421274673347
0.8820358314449277
0.8737166409013508
0.7525387748361071
0.8477018844836076
0.9228217795055985
0.9432526344783385
0.8823791254572833
0.9889378768526337
0.4434475485257282
0.6376776495760382
0.5257907207205154
0.4907593646759829
0.652418746203026
0.5187520656915998
0.5583068691145778
0.491997236363428
0.6453145817387999
0.528291811353684
0.8643508829230747
0.9868359101564187
0.9812126323197958
0.9302001252475361
0.8907939401553857
0.9068013037964545
0.679541391276221
0.8068637902624247
0.8146345640379518
0.7614638756452171
0.2729600123539583
0.6223090078212271
0.38418366858551256
0.9975178595632506
0.8884717513199433
0.2968996107480444
0.8294188458747939
0.7487847418430175
0.7415397611976882
0.8537653441196147
0.6784910834486845
0.6927665590398072
0.9635778494058805
0.7403079487244392
0.4105953475409014
0.09848565387908165
0.5974526775454366
0.27730989689332275
0.7128753639599246
0.5182728805795432
0.6318753286318499
0.028534212963291155
0.0915281388546052
0.3028980502497099
0.8067243416455233
0.20472052471777538
0.32532647221404115
0.8148250803845174
0.516051124354073
0.7327138897656746
0.6313773650027302
0.09517535128877508
0.23270403885683064
0.14881312096453692
0.6457020200262595
0.7274150149401224
0.7410855353295981
0.9066695854829572
0.7547419958528419
0.8728093681412954
0.9154667260339818
0.9298849086399296
0.8148291884064052
0.9490315992115725
0.3525519340831075
0.6721502650662209
0.4335027192865501
0.48207021199571964
0.4832350752985189
0.4121806706919091
0.43339121196301106
0.43381906271166587
0.6180189632002956
0.6869577225909209
0.9718210770606224
0.9842895617788873
0.8737199929818065
0.968019492809383
0.8071377394164835
0.7988582467091532
0.8471296208246608
0.8731027178273526
0.8142027585838588
0.7335222526183685
0.4820719880639794
0.44204382026968725
0.5891170665801684
0.7925034553561243
0.6074866449934475
0.5971591606919439
0.691968644768692
0.8067876301584094
0.7338940251969942
0.6179109943237164
0.6740746524975277
0.7755846731049764
0.3821427467841062
0.6455645645824619
0.7341835211445451
0.10967803915990729
0.0907740085463422
0.28955633300536165
0.4341906459992978
0.16308055487764625
0.47135623519078973
0.22223740875346149
0.7625054267364458
0.6532286895837709
0.5984417341443262
0.9835980935720332
0.6038340005568018
0.821732752282495
0.2921680132266861
0.4138735138936206
0.5184440520014115
0.16266016670494682
0.03768094005171093
0.26004867076841925
0.7760218781022544
0.2921842817083267
0.7206383033883365
0.8391161621924272
0.9293996504243761
0.7825709228874261
0.954364130085079
0.8895100177072198
0.9217194413021363
0.9750593506507694
0.3825641482057329
0.4449991185205466
0.3356296201797454
0.42348189971241623
0.6516156805094382
0.6099507707412928
0.4028574494251094
0.4434585162648662
0.5666396482761039
0.5596134432720451
0.9434334193406428
0.9536658823950542
0.967897331111105
0.9149957107791321
0.907367531776083
0.8733260452640079
0.9071384019762572
0.8223661346769586
0.8068637602901073
0.6184469636881651
0.6864811809405236
0.135764397449183
0.49981294523476355
0.617268930256084
0.9718743905702097
0.5523639405620197
0.7199465375137583
0.7267845583179035
0.581751439319486
0.6594711949408659
0.5749794178246298
0.5766263301287411
0.24976064885509722
0.24385148845613056
0.2651542693769996
0.13048150735033895
0.5031426608339776
0.24850142870957448
0.20416923178509994
0.3335829114848407
0.05987124296390167
0.5410722926490261
0.9207596082984828
0.042313068638450135
0.685765106117759
0.5798841436865256
0.9531642198058987
0.6235919484398768
0.82951412158545
0.09466547563138873
0.09438389979242606
0.3298766149536209
0.2099759118349957
0.15364005798455474
0.8383812125910876
0.7982337395017501
0.8642755870948261
0.9368171984052668
0.8387674524039889
0.8555556017915258
0.9545344766010371
0.9295749082872613
0.8647067512301859
0.9783245170229043
0.4339269830872781
0.4243623426591787
0.33518890467381146
0.3731722914249319
0.534255763733585
0.49128236397701847
0.4134902045928477
0.4444653750769058
0.44465426670170594
0.6672146190900032
0.9942830546400783
0.9369103195551558
0.8558391678797611
0.9867654918443303
0.8301812578973348
0.8145719301843056
0.8646411533641299
0.8564063335053504
0.7344537327260432
0.8071973058486164
0.8136496906581201
0.19371656212984856
0.6524220031440039
0.44759474183773634
0.819635341337848
0.700801793249252
0.5100397183321081
0.9910088831190818
0.5012787098739375
0.9711246868698998
0.5268706565452304
0.782761910540741
0.7214207641101766
0.03977238940096717
0.5830004094850784
0.25483261090714154
0.15797822902925915
0.4513409692248115
0.24730137368294225
0.16325285818481672
0.1942789152012784
0.47314123215964193
0.4256196664114305
0.24316532710247596
0.47129791389886594
0.5677976055467344
0.9836787013975944
0.5870330507719945
0.5820668554366027
0.037886283876675204
0.942526587891892
0.2896229824971338
0.021375568640136303
0.3521384958934294
0.8726617529879325
0.8387624384402499
0.7203288932107786
0.7988042252604881
0.898974788887134
0.8983097762451575
0.8729565199257036
0.9149260388816013
0.9363883325149681
0.8399560318476191
0.500819999162799
0.41306369119369657
0.3621256958598154
0.4638793354386883
0.6394252656599079
0.5906234118071423
0.5656522209629322
0.5253617851592991
0.5673279370292498
0.8236447267926199
0.9981290263859796
0.9751852738822493
0.9547063532315635
0.9492053974372756
0.9545019790849611
0.9367229498472657
0.9150635632042039
0.8994548230862479
0.7123857294141329
0.7687276523419253
0.8979035720657335
0.6906930059865852
0.7204117480765054
0.25412131331349247
0.6310417459173081
0.4118162544519422
0.7916112245740228
0.726746186675909
0.9145597735169504
0.98141890528555
0.6789134551544207
0.3358159332052801
0.40099435779434206
0.23744723718202382
0.317998016251067
0.732763893224878
0.4516454291436515
0.45465619250026545
0.6249122366171347
0.3854019755556962
0.06290403215303882
0.5167996615218039
0.393365368835404
0.5426448459045704
0.43180829903884177
0.16814477211147752
0.5969998556067673
0.8982217954422165
0.5443586652461375
0.9055565649382638
0.6238013554079115
0.3354292885452762
0.09853823917605392
0.5666847752836435
0.7911019573535709
0.839047270026072
0.5522624511324373
0.8065428278812453
0.8735400533266006
0.9590354796641529
0.9637893375824639
0.9842324634164844
0.9431947505296305
0.8568095918263213
0.7341734797497881
0.3928562315566244
0.3263769531749121
0.4234789619336316
0.8070668540693067
0.78332661832475
0.5806852673387098
0.5087551282737452
0.41350395615367236
0.93040599816974
0.7482534566258754
0.9222434921811156
0.9594419078881111
0.936723836918082
0.8394659283606971
0.9546061938908761
0.9716416099751455
0.9148546442503863
0.6595631185428243
0.8066063407375098
0.7273578556764636
0.2198620161791871
0.1728048475172953
0.42426807935334104
0.4058999521422279
0.4469532102502946
0.5883676957842975
0.46631226946573867
0.5791181954052284
0.5073811290801623
0.16322623870485092
0.6342687855308159
0.21110208880401954
0.5260380189105556
0.29004767749280874
0.32540227675092925
0.4426549515502655
0.0986718261394265
0.016761508933886893
0.1995353536578229
0.11766077107573432
0.25358065548671926
0.4002749669784629
0.5421338488832959
0.1262230232873019
0.8128738262930335
0.3257968806327741
0.7914538964294378
0.2089989402436134
0.20377929907312695
0.02468925950258479
0.03518203569051373
0.022811643266096634
0.7131116280430794
0.8813798047722006
0.942538509585576
0.6720401862789757
0.8387120074689691
0.9680694750477828
0.967991530374062
0.8393356872666509
0.9954789884787411
0.8555609863893593
0.7486639575757117
0.5095485291643365
0.43350167394388983
0.38149808653987705
0.42444368276259636
0.6932326082728192
0.8985852000484583
0.5581728782907732
0.5009736399959429
0.6029751156033468
0.9431961396554323
0.856051105730494
0.906806646718179
0.9928583072462348
0.959342894108386
0.922986382814208
0.9068055244237254
0.830682830461865
0.8634847902347687
0.8395288258864728
0.8230958791357414
0.8300106558743109
0.1935103406338683
0.23165896774013098
0.0944206538297881
0.7480859821229183
0.29049932216525026
0.15791458625389382
0.4826231298074673
0.47362202864352754
0.5344820998850269
0.6041065780261061
0.18867905742534444
0.8717569882190348
0.4024054585314905
0.6241532970236224
0.6598316841025806
0.6452612966604823
0.3720895748219859
0.6458807459666827
0.7527698570157292
0.16792113742399642
0.013104076411368721
0.1229842347804299
0.09855614603356284
0.08755613110070733
0.3281554178416514
0.4442505179999072
0.41575966899950956
0.6791518102787156
0.23386773591063098
0.1879183998841667
0.06605616456593176
0.012058339079291368
0.7001601776370852
0.7766889859527328
0.9369085650478396
0.7688732662479382
0.7008637111221943
0.9636373960842054
0.9813949949872673
0.890054675902425
0.9954879729003595
0.8642761691688595
0.7842278238460049
0.5670229258337044
0.4535305160759563
0.3272295898158005
0.42419120750793
0.9301508987290384
0.5095454274252711
0.4229502572061204
0.4029607523886468
0.4820794071207369
0.9302022557044164
0.8387721684546553
0.9232774519165876
0.9752550107785731
0.8644277580316178
0.9423817840154339
0.8731073132391649
0.8813832730898408
0.5280635373137577
0.7692513808656265
0.8469217833729588
0.7986778136008524
0.03295320844374452
0.2092513009619193
0.1440819735715669
0.4548617807031005
0.49349869121564355
0.5179176010060201
0.7703290701230339
0.31970894762241864
0.41416276508038624
0.7843000284926556
0.754492685274648
0.28396811656335585
0.6592330598796639
0.2312725394635845
0.2596471665379673
0.35311168818525346
0.5952944208493424
0.6726225914914518
0.43126966932869343
0.2373953306042271
0.04513645492513508
0.09793936061790649
0.007664810269542703
0.2482708818064167
0.028474189994830326
0.1218683159655626
0.7406846390208107
0.07625150143046022
0.17351124645871488
0.29165991848114925
0.06928297636961289
0.015437020145959329
0.8479152521755253
0.6041101801741001
0.7993094658513399
0.8644868805756027
0.6929638562633668
0.9594257386667372
0.9637259417538947
0.922499097190909
0.9975250922939244
0.9488936346352875
0.8151659884964803
0.6995922617407094
0.4329849401922154
0.3263175654901491
0.383311301223646
0.8384488620436812
0.7904500472781896
0.565108774843175
0.3720769161409335
0.39255350634620256
0.9156205249005205
0.856585120426087
0.9305432786254841
0.9485330165071071
0.9072045884513312
0.9815227774537846
0.8733272577153067
0.8555530300966926
0.8385090259818172
0.9147853676221963
0.8062453393533754
0.6707015853978409
0.07633119520340369
0.11761503071680418
0.9432770823091223
0.0598132197051276
0.3627216707842494
0.6720958730196654
0.7057167603967517
0.7051734021437076
0.2495222572137563
0.6784274530864518
0.7750942292165507
0.12595004328841897
0.41225904297171173
0.25958202869916586
0.2425608695699049
0.291115035753934
0.3913813153251464
0.20981540974643653
0.401410583646918
0.22796509125628336
0.35062738846940633
0.20880592528142938
0.06329168743170503
0.3600115107966081
0.3170096970733816
0.21572517682941553
0.41113223525231096
0.318271910096495
0.028451711637041705
0.07989453206139636
0.3256198165097528
0.0264622956042311
0.7695400610122801
0.47218251399597594
0.8146985637135581
0.9544405548138155
0.7751522544499506
0.8818226826808035
0.9156515009007195
0.8985310820326394
0.9889987059861687
0.9719135089095884
0.8384395003453435
0.4648568711197393
0.3924316264162769
0.3622080637975018
0.36335424234350355
0.854772194710658
0.7898718794385744
0.44437314915916754
0.43457660444405033
0.40223754198203837
0.9233018591579863
0.890402237861718
0.9981568375435929
0.9070762995148466
0.9638026967209228
0.9815362312199244
0.9965627748129798
0.618397810730428
0.8811188621284166
0.9368665760826252
0.8899803544524065
0.5160977706801305
0.25892809934364425
0.10993377015668546
0.17310867108419006
0.43257636904185254
0.2906773278305431
0.4143895046816992
0.7411289098963761
0.6600664008056578
0.24198797457523508
0.4621612709749167
0.17823616085212832
0.22059842902625837
0.1682589389619335
0.29697229263530595
0.2542803461591925
0.5339360387486819
0.5510286248823449
0.2772075550574061
0.15341899123328145
0.04228156684429905
0.11843251517550926
0.13506960383520059
0.07282914688394727
0.6591754975733952
0.19312062648674716
0.053796526247214656
0.005812882853044723
0.094284305753202
0.030491609834247847
0.03508590390156583
0.10160287685034182
0.0014120384887582637
0.6602063423740036
0.7536555883327275
0.6318784936579217
0.9544389838226605
0.8311488863781525
0.6662683705409563
0.9842413450974752
0.9225075654548324
0.8734079305349624
0.9546926314958982
0.7610682108189174
0.40306445144852393
0.4024272571550254
0.3524574627989369
0.37250196945855596
0.8730993044592197
0.6590460959365012
0.45403580091361834
0.6316285580263906
0.391638748285347
0.8993324779962022
0.8308227763136423
0.9910890570362245
0.8561256074192739
0.9815229732753173
0.9431263485276445
0.8144360653129479
0.7464955456968317
0.9224985259886797
0.929763443633116
0.8724591510953792
0.28309960953720764
0.23676908891843654
0.15014970076188525
0.16266097797476414
0.18378575965311916
0.2595163127964813
0.7209581886009989
0.5517390594626003
0.6025435176341787
0.7071819168813303
0.3927376849829105
0.23126919131663895
0.24780157312909276
0.15787307381901347
0.42293315196347425
0.2961553447616529
0.13065601839261395
0.21482080511513485
0.27159582726881937
0.5264060361106684
0.22028441475732355
0.5506518796244385
0.13999906720048297
0.17353482641618337
0.1629020271644382
0.09430959781919122
0.09447185043113275
0.04794919857235872
0.2643350936210648
0.011153837462843623
0.019927964260464726
0.13987622340466946
0.006340852712801194
0.5972573084860774
0.7697254289018448
0.4265200563897144
0.7764031503144733
0.9067320281887349
0.7762325676085541
0.9297017820181509
0.9910653861814885
0.783674952172874
0.9868467431332449
0.7977744219977673
0.3348668878573452
0.3622989536579517
0.34337952769261754
0.4640737277958675
0.7549535192629745
0.5255414231067603
0.44396786409544325
0.4235838184603198
0.41276072006406056
0.9224932929300079
0.9232775425771862
0.9889180970257953
0.9156515033972985
0.9718046857227652
0.9842693819099955
0.5830003580229689
0.7624509783319112
0.9065984286198221
0.7554082507063592
0.7535516257564736
0.29232589584883456
0.24338107426770647
0.2197202239126855
0.3258042258540531
0.14968134894526952
0.27788320762286084
0.2313327194647719
0.2852719998168287
0.5409827584461729
0.3912975060994082
0.37177123722407346
0.474698162340526
0.3337254797468639
0.27744022698912746
0.5879459408049729
0.41064355481514586
0.17809991981735132
0.6797189614530096
0.5001361503571113
0.28401148162816453
0.7684769446096043
0.35397972282195594
0.19856724720820887
0.47237535633834915
0.5272779470770078
0.23645203322066818
0.0120643755196864
0.43174274413261304
0.0014123317273637152
0.12640958406402603
0.20355879140960853
0.13020641733959
0.006979355642324913
0.07433809694976519
0.8312207816123096
0.5865313264421799
0.85569208578096
0.9636100993438145
0.798866093601402
0.8397870690854456
0.8306892289554811
0.855232272075299
0.9680469311552102
0.9060154130743812
0.3186877839551272
0.3268929393105612
0.3109382846972859
0.4451537286566799
0.8809716793961604
0.9594253349195544
0.41432248901280333
0.38194856010166683
0.37237823919093005
0.8217421857732237
0.856130821437317
0.7408822863905208
0.9430460268576181
0.9493819069404523
0.847543618769007
0.9358893747035709
0.9784277108177974
0.8900522454530287
0.929821175266034
0.6870072028956474
0.20374794407555136
0.14892442999821578
0.24214153935404797
0.5173379580401669
0.18904508985015486
0.11374874111311847
0.2894642107414762
0.3036318534936174
0.5075781306150435
0.23677248714061674
0.25961747846202615
0.20913153813221677
0.2096078104416785
0.11421441231833322
0.21594560712442804
0.20932931153400283
0.25910903271447644
0.6039751426301104
0.6860437846546287
0.558242180880005
0.5897190613065506
0.3719530059691484
0.502791657102113
0.31884400254717543
0.15401292197253014
0.5000368643116989
0.04514616109369103
0.06588027164360881
0.012061721006005326
0.13938521116393196
0.018276629922628098
0.2248260942231219
0.007662479445272069
0.035317340876134126
0.8072667021217211
0.8458484902643026
0.7981955041084244
0.9493187838337499
0.8305551713703478
0.7618213323493307
0.9491424981955547
0.873247668837791
0.8825739445861359
0.8640037986064212
0.42326070882709144
0.3916351644988454
0.36289749528559323
0.6727926669667238
0.8821844616618123
0.9750796886372766
0.5254507803920097
0.361948662404968
0.326257935596818
0.7132484827742501
0.9371852302079758
0.8304926381734066
0.986689694079818
0.9954894263335976
0.6184969434767482
0.9889665704520948
0.9546611438504372
0.8563996972629531
0.7833269666579239
0.7681977012369461
0.042259952540926876
0.24797238001018765
0.03060490961484568
0.6849363333393459
0.3626019328035906
0.6596443584368353
0.5025445540902949
0.19956686513448282
0.19356249341183412
0.06606031503853364
0.31827443688364965
0.4832252281103216
0.2769084668049769
0.16338416055045504
0.37143901986110367
0.31162045615535366
0.14847502427322593
0.6386118436202225
0.6514912826490276
0.798511395432228
0.5288202289256998
0.6243100599348543
0.582010751937849
0.805808349884074
0.6794972303095708
0.6156708806907794
0.1530983169028038
0.19361112834428804
0.048040366227708464
0.06277222090389514
0.39904072785437494
0.09103844264915048
0.02126549528906914
0.019946640190740453
0.747873929146014
0.9975046481221067
0.7005923845608293
0.9814930388433206
0.959191204340268
0.5440369931401418
0.8992783017209128
0.9363840619900167
0.7414843110666988
0.9679622510715464
0.37160356995611943
0.4225670522453192
0.31098284420206435
0.4424004840592575
0.8053280228973323
0.5438678673223744
0.5260209660082309
0.33629718511376755
0.2925360208264034
0.7916049219414769
0.991080828822129
0.8989737697117315
0.8306184256512327
0.9910073359241643
0.7479315034821877
0.9975339289456834
0.8388457468366006
0.9064593361073409
0.4115639540893714
0.7182132361413356
0.15825072373421764
0.026505618562547868
0.24950077556558764
0.10195858959032815
0.284040130310669
0.14425903565242532
0.18327756035352694
0.30405155739068995
0.40356119670124707
0.29023185007019986
0.20067739792699948
0.2848765676197712
0.18353608679675862
0.26477908568044983
0.13069578942944712
0.22040072175907185
0.17799747066027385
0.5503993525074256
0.6662635455780987
0.6856813580220734
0.8068632559298781
0.7472120426033122
0.6855850778289837
0.4213352615142912
0.04231339434308558
0.018284016232363205
0.01991537827606091
0.10542929905782396
0.009228844922260232
0.02650545547179759
0.039722778946654255
0.06291673820499047
0.009225666405608148
0.002157993005430226
0.22646217318254655
0.7618729291853937
0.6377373970995526
0.8146396651822395
0.9910277167117856
0.5972063069853261
0.9910653592216849
0.9868221403509573
0.7683925476142214
0.9889375367522826
0.6180124254125173
0.34414862537946855
0.352141677323642
0.31891733952563783
0.43289269098154537
0.6103432289863668
0.41274760751017375
0.3525424868873003
0.9157300822359017
0.8988281429323095
0.977984255756119
0.9074599163938555
0.963760723318114
0.6992623388365172
0.7998223081181607
0.992854565595165
0.8991633080943451
0.8983157958057307
0.8064176187587461
0.17301496208193518
0.08682101209204211
0.042189875999387436
0.24833112691710213
0.2897584619110812
0.533831822845687
0.14919472521707844
0.2838531012513401
0.5712164334270877
0.2658142856081461
0.15863704111916435
0.2971420195061838
0.1833305230776311
0.15775641059056564
0.3512708767643117
0.14496418520251853
0.06281782437379467
0.27705362062903216
0.511245033946392
0.8134346560981989
0.6928670636007196
0.645932154294719
0.611589861598294
0.6925755208818203
0.44375685047747443
0.2987313255622159
0.40240787390582294
0.07985308973971061
0.009237021649469167
0.12176366868843369
0.06926170979105167
0.024565954271879395
0.022815415482607654
0.006339488410247367
0.005290612697874602
0.7061718328839158
0.7758737240944895
0.8066020795491216
0.7759208133868837
0.9975339299033551
0.7545455114709302
0.7199089947646825
0.9154703208426139
0.7761214803187483
0.9814942787143427
0.6720540858955972
0.35352243493733787
0.3182779174472598
0.34378383463726814
0.8063068414941771
0.550040538084812
0.39222297901123787
0.30404791345249405
0.9298173806930676
0.7693600077867158
0.7266473773289077
0.9156519814874939
0.8905375881546864
0.6259011956544488
0.8147702907494602
0.9224338417593765
0.9231883689106629
0.26596398897216134
0.8977199173589475
0.07293770128766741
0.026496541328365694
0.11410372217835855
0.09827835456009419
0.24905330343403495
0.17310625458455906
0.11012376209918028
0.28475445023061985
0.3931552809462568
0.684702427492538
0.08026397661797965
0.33430586503858084
0.22081995750854466
0.15358860558552961
0.34257874542789674
0.32714721180426276
0.2539020962828257
0.18808870936937055
0.7479279225294594
0.7618221172326988
0.7764653155413463
0.6320697308169871
0.6601131719446257
0.5275689761943161
0.7420922691542507
0.26522101249722485
0.032838587609788
0.02126228609212907
0.30975614745318863
0.019859452310488777
0.006981035626841628
0.016717430866843963
0.02853378967349925
0.016711306595057256
0.005788513438675338
0.1061415303575925
0.544141298967203
0.8563359701953192
0.5511527850399578
0.8561286685723816
0.8543687299425867
0.8558350197777839
0.9716699363390178
0.9143251949171557
0.8311606492480103
0.8305473984682228
0.4639684091659356
0.343621400640035
0.38296347627539223
0.666212440079369
0.3044860226910787
0.32644558229132514
0.3038092689298499
0.8460305243250223
0.9975250112160088
0.6735858927829426
0.8984605772767863
0.8815894425274666
0.4925383131008201
0.9889724499128639
0.847055830750071
0.8727323934492938
0.8907936036859357
0.6655121621226173
0.022781421121507286
0.17382878493116669
0.2419083190077032
0.15814634705795078
0.056903430016071295
0.4629267331328913
0.4516044357970558
0.07302601217671001
0.18854394683798106
0.12635032611821015
0.24243486032341227
0.23693057738513812
0.32650244345983753
0.18356063465835698
0.31033935634528453
0.21449784696482815
0.23739892352751962
0.17332312047438067
0.798135596655191
0.6102936640530128
0.7761225608635263
0.6527591463374895
0.609948285592002
0.5493330537596616
0.28994035802534224
0.19385160044153368
0.313809263850993
0.1053720838557677
0.07284104821445052
0.026575164986686394
0.2087540366821472
0.0029665805541307017
0.053834950783670045
0.019942350522015918
0.015395806413532307
0.17855669834482743
0.3697909665567879
0.7405957648058537
0.5725748496993707
0.8988222617495105
0.8295747638740995
0.7480400807197555
0.9910519314148355
0.8388379731431649
0.7908774056074063
0.7741380682969792
0.3617921049582224
0.27796913163284653
0.4019499311733249
0.6466323894619326
0.4833874707716389
0.5344730984624853
0.3735308007608404
0.728105297878643
0.9209741930502835
0.8643520660892013
0.9076263418182711
0.8137541673699209
0.6736360984999913
0.8470518095047748
0.7617644845383003
0.23397957977100925
0.6932875122521306
0.2367746546760641
0.24797024128783896
0.0830437498767192
0.09822437411438936
0.024515516946542294
0.310707907797698
0.15399008874338146
0.23650844669781534
0.08349336767864955
0.12192882409674481
0.12611256641660004
0.455230508305662
0.1139974742013817
0.39162322367911206
0.2367992839359836
0.14441613048365598
0.117767524431326
0.20464548712473027
0.14446370861039418
0.7069023398281706
0.7335760128138274
0.7339925702503904
0.6998707886213945
0.5741658725676385
0.4900625248686179
0.5962325222433491
0.28537115831586835
0.4121823448114079
0.010992471407217848
0.05474619812982436
0.0009347493304484782
0.0040493425731045266
0.20448427744718892
0.1016456271396522
0.010024319219516045
0.07288168215543067
0.004874362028004711
0.6032383080842266
0.7402663757551095
0.7010369131555625
0.7005434297220874
0.7764578049443962
0.36129806398888414
0.8469177047648363
0.8224252012123925
0.3924593221184863
0.5956411741243904
0.2905284995301028
0.34324274038225777
0.4442801275555927
0.5515844236044266
0.4232779419372974
0.534018085959068
0.31098457083127373
0.9594418061189341
0.6292266656276749
0.9071427079002873
0.8642784050071998
0.5581553020328046
0.9544034269636807
0.8144374671326209
0.6798159659978436
0.6802459505776898
0.7463115520565347
0.49876623003827547
0.11834733068527235
0.05973141360155175
0.1055840195948599
0.0594799018051168
0.16851252482198167
0.09078793762188453
0.3352708316051431
0.07289567562470003
0.5160456538451238
0.14869077681662465
0.05355909893349208
0.2267146271458481
0.27153075026826007
0.26555322712298474
0.3191441448223327
0.12231199429375274
0.11374736245239692
0.193690054749798
0.7548387050750962
0.8303080828144745
0.609574479849567
0.4842895669050543
0.3036850757021696
0.6521680108410778
0.6235312652942808
0.6394239478369047
0.09830702734440393
0.12231199533337801
0.09057278588508881
0.09820005498725445
0.037275352401532395
0.15385270225550485
0.07277970685444021
0.007685247344586094
0.030611600014979423
0.04499833103126114
0.24771843336216195
0.14877290839973406
0.8228247900101475
0.10187894114932848
0.7418929943214896
0.43175308251114647
0.8067386321302481
0.8983102039734019
0.880767752783414
0.40254066868459837
0.4628243760689596
0.3186903056508993
0.49253434203765384
0.5505420907263443
0.46387592681022577
0.3620333845107215
0.38134824862433025
0.8474820644218977
0.3418948331868139
0.8231017979848533
0.7988041914206924
0.39145258097187247
0.7552196673084013
0.7477794122611879
0.13142487192254818
0.6792178119613776
0.3747883647228628
0.12029196016665941
0.41174091773474175
0.23676750251967024
0.05058388445822253
0.12606602612941398
0.07645461632261169
0.21507114404385527
0.342199908662457
0.2782794956296706
0.1353983209163396
0.13956701147305164
0.20978662538392312
0.21996811598426635
0.44258679966795755
0.3819555239508915
0.26615003526894665
0.31057892601965137
0.2149604289641168
0.16294140813411404
0.7066783668858992
0.8988171739785998
0.5968644947479549
0.40347291966798343
0.6315331794159184
0.6317335603001653
0.7684371090634383
0.35273016643770067
0.053434473428313034
0.17310528062262032
0.05038863569627869
0.06003350004744156
0.06278941130600317
0.24338619932589642
0.03293729252470564
0.1441759684207133
0.03977244628240156
0.024581803556088133
0.5859318449735353
0.5255112232753895
0.6595548079317852
0.7316959502370207
0.5815531106578957
0.6780599379018476
0.5976185066867823
0.5362043244025454
0.7893219649726805
0.4825400758394414
0.34345702741226747
0.34370052944159707
0.47352504623633807
0.5343312999926046
0.3354617205298061
0.463788615500932
0.5173484649613963
0.6463026950961405
0.2004113012440238
0.981476328303365
0.6034877348628932
0.6669545104318513
0.6729755430201286
0.8380324994151478
0.7683862149858608
0.03982508658778774
0.6104979852712453
0.1932937649660034
0.5714231877398899
0.29015544328836157
0.48123606876624997
0.20944151229276436
0.7250216999443265
0.13082063290819052
0.1537089024144614
0.18316735614853416
0.26554741248747127
0.13510811174919884
0.18340109518295408
0.2673043759845865
0.2532905501553108
0.13552224512593075
0.1445605665318145
0.42256113787387256
0.3265752386948059
0.17872353027913984
0.7272153936160292
0.8728118572132402
0.87287805427966
0.7628139716414811
0.7752027287093239
0.6172317634392752
0.6799586128111813
0.23127110119905503
0.16296213856747413
0.0247557904549963
0.7694794154222041
0.8893153115435843
0.45401161097355097
0.2904547419166008
0.6105600089625745
0.6728828118255687
0.001301225026384378
0.0476796571545744
0.08005634615136732
0.3821803313938447
0.05637049708267737
0.574214083846345
0.3424856772808736
0.6364667669453115
0.6326454973162104
0.9231888833688594
0.4434492749728279
0.3723850459131688
0.3918209725963834
0.5008916302947558
0.6455091502856648
0.595583453327154
0.5175217225562473
0.4243537649875334
0.49182344646211595
0.4249540066303182
0.9816015522075708
0.7831701943224253
0.27139393215883173
0.9751003594999886
0.6862203891021529
0.1498701857829944
0.3901700386189579
0.6400492985431908
0.2763974426122722
0.24443638926157413
0.35128747872657784
0.4524814962900045
0.23070673338958209
0.13079911246260775
0.2201614582851478
0.19930682600836927
0.12196207866986018
0.10594724537516574
0.14423770258001822
0.28952920224569184
0.2313599156295557
0.28421553897299673
0.23109673028357242
0.17345256803598794
0.15819563197490583
0.3610170845794058
0.32625158085697925
0.25437159267182863
0.7906065563618715
0.9491435689285916
0.9070091130760664
0.9227575938832399
0.9228809586905169
0.837807830739509
0.5743909645890649
0.19900120593065868
0.9842692918884409
0.9145804900419152
0.603958656641019
0.10991215757840918
0.19041462586148714
0.6378459931905721
0.6907597542083302
0.8228881868201603
0.06286916369185869
0.021290555543041347
0.14930799546424395
0.13040244831727058
0.586699807749776
0.27225082638206977
0.7342436961630859
0.7920498007768608
0.5004983494760221
0.4827320361919094
0.42305575158186803
0.40232260618748605
0.46405057651707965
0.5009672695817345
0.5957125563963926
0.6386093122804558
0.4729457489697072
0.5658681009777822
0.4915562296133665
0.5181455084042788
0.5019124688314531
0.806301412975277
0.5732592342707846
0.7072317543971169
0.5956449853388678
0.5199435987950581
0.18038891960392545
0.2835774897855229
0.7118919246497033
0.43680248443494823
0.7172991972278925
0.2600751206793367
0.04792627254709927
0.14428167904847175
0.08711083885519118
0.33669364459112805
0.3256717480393514
0.36085616403592835
0.19914393819276568
0.16349603902392165
0.15787197846264184
0.14912156302245702
0.37035241971285754
0.2714994775407041
0.15840850687027783
0.24321446793713397
0.24811643365607347
0.2720779924820677
0.9295744469643601
0.8823187956738706
0.9155506720581438
0.9143850754835431
0.9493187119265534
0.9635466271023454
0.4913905708972318
0.5730943120167312
0.49882407049687066
0.07288126798433457
0.15380844517065878
0.9354173529784787
0.8988963875575188
0.854759105624514
0.7555856973714513
0.8467298945816266
0.07668530119045978
0.19966923589983523
0.02296562410831345
0.2426278719809688
0.4747670433861756
0.32638304936494217
0.3824716219907856
0.42316142091389675
0.48315610595374714
0.5005021551862056
0.38235312794836784
0.3927576850091819
0.42435796287384564
0.45459088930204755
0.49199585484155955
0.5094738867260299
0.4542332727425097
0.45414182058686325
0.412753985692797
0.517925272264638
0.43382172944724456
0.49245278556995714
0.5097463361141995
0.7985087815921931
0.7333307596016522
0.3705679149581895
0.6590872426985646
0.7984488330364327
0.07989628776474883
0.2960942137133606
0.19852541523777573
0.2309046527120323
0.9775739070375166
0.26859681543967806
0.19358820959867845
0.10952933283045276
0.09455576672266405
0.821831292342076
0.1890514883246512
0.36046047843791806
0.2435050772690674
0.26044625103131464
0.2902721035939451
0.2479125716384174
0.1100568897293379
0.36186687265162054
0.28401257885177716
0.27181584204179093
0.8646405878680706
0.8986071975649341
0.9146477656629053
0.9304058252996912
0.9633349992014466
0.7982975442976723
0.4833979230416342
0.2789753746372957
0.21451922073704
0.05071906799150645
0.16838860482749896
0.5099651432644257
0.7007477191179078
0.6744909846137976
0.7064986458411286
0.6223046670929963
0.004058718433689692
0.1017340836377378
0.231855758635638
0.24811461272101729
0.1640104878433556
0.518219110814959
0.4445585853606625
0.5741131278132577
0.6599256389230451
0.5348142287902484
0.42435466269625416
0.44427933777467793
0.5092535698879783
0.5263319246618168
0.5734083472317467
0.5663031277562384
0.4337128675426841
0.49182595721820155
0.4339243838541105
0.5966039914049568
0.610657704048751
0.6108555846814829
0.6035438773637369
0.4636886539136384
0.3111093694444959
0.5657835146706485
0.4657374818334738
0.4651235227982298
0.18340469629455244
0.2254326592337882
0.4723407393172591
0.5406388522592657
0.17273566489579742
0.18300615957115762
0.3107895266352268
0.5730186008959267
0.25403833449376595
0.42185683278959035
0.922929951938346
0.49222582449045205
0.13978205307390817
0.22583204975022791
0.12225037054105539
0.21986286909187402
0.24811610621353633
0.3038992363699584
0.412260471419865
0.2982525472048128
0.7834942150096043
0.8562635544768699
0.9225046598763936
0.9544732457198823
0.9150641700552604
0.7757687938557084
0.6930525857482289
0.5251945996237904
0.1834585363256295
0.6563421734745234
0.8640032420563608
0.8227549036348379
0.4902349734866858
0.9372424354278868
0.6396798280122122
0.701678488538109
0.012057285790502708
0.06923314821053282
0.03975348119387855
0.2901174142676464
0.42266104638520446
0.3435330156042635
0.35237639508649166
0.24823729239973624
0.3428324061044899
0.5584373876725107
0.7836076262891708
0.6383137493730845
0.6312799904814742
0.5097563503930042
0.6932812783014352
0.5099505289358846
0.6391902535427635
0.6859545428614466
0.8906484034447341
0.7406840242845941
0.5961277260010398
0.5341730857938913
0.5268567374652227
0.638758649943472
0.44446721295713193
0.4139836234743118
0.3604769623157593
0.43341381700121423
0.2591643039122337
0.23651188134174336
0.1837249811387429
0.516547635572033
0.1633843561533427
0.26652550999268454
0.4918160370924198
0.8140299635371399
0.24830372642797743
0.526537903580706
0.29104866854923167
0.8733835620860704
0.5414542789108053
0.48044777340725864
0.19854372569508752
0.2843303822891993
0.18871265457897105
0.34345702043730425
0.6030830199259348
0.2720278170037582
0.8474791566611808
0.8902647413052629
0.8306143150365533
0.9228218066611463
0.890335276446655
0.8393353694055399
0.6585208822546645
0.27740719909809003
0.20890212555891446
0.4992599782243327
0.21458726498654346
0.9784384065993491
0.6791232892116136
0.9581880793942638
0.9778293132206058
0.8554839648918856
0.3495840976504784
0.4893761072543133
0.2092535113340144
0.32002609832575474
0.4030602798349342
0.37178276766900453
0.43431051779813157
0.588842649033273
0.33441143643059434
0.08320756327649999
0.5429852122382821
0.5968614576719266
0.6038330348929767
0.6867639078403629
0.7536116289807814
0.733618208155116
0.7613214638110594
0.6177107933490836
0.49189730521277486
0.08314060811789215
0.2837845242290217
0.31133450487915515
0.5096210050484727
0.5266111372485233
0.4827343773112772
0.37198330176836836
0.3706860689900619
0.45653330442162976
0.26512862531628295
0.11025562706800017
0.08430233537784082
0.14841204289707552
0.11385631836063197
0.14448987555187795
0.31845994901242225
0.18928676204274975
0.454514430571309
0.4749813117790365
0.5657825872800644
0.21493210376262503
0.2781665760832345
0.928219322127085
0.09095656406812165
0.4225797917163972
0.24275971345554387
0.3264476450479071
0.411811527574334
0.43392607715667786
0.8901238084284371
0.822751471581395
0.9492789480433095
0.9366650472100486
0.8901987420986476
0.7988636309321434
0.6249122651854175
0.7197596801959368
0.0284524608122581
0.27217752689502195
0.8731078976338167
0.7681431776752388
0.35223827131204954
0.38126251361142705
0.9217066290945078
0.5215650091972622
0.3104088296601011
0.13472051814751398
0.06612478222400092
0.15882957269937367
0.3116197355587939
0.3717915491457877
0.47361091848202463
0.42338116020566885
0.5102067056260114
0.6450656444794824
0.07276841405970096
0.5017260974459817
0.5008237422199838
0.5429323787592141
0.631636286702437
0.6792644518516773
0.6177111707538714
0.5092401614260762
0.2725492790788706
0.5350052606695366
0.6522172359707823
0.5668667933548366
0.42399476923023105
0.508672981321986
0.45422945634080625
0.296935720859257
0.20069094905870993
0.3648146914792931
0.9492010646635596
0.4224749843479042
0.2201359112903661
0.3289899763301298
0.11796489237201797
0.8470836125129091
0.13557627454960128
0.8296292016164222
0.37259148366249656
0.6669571130112771
0.48367508076684423
0.3345935938757527
0.2653826140193932
0.20413040344698574
0.12778079481088112
0.2970599121800326
0.4447349729803051
0.3923182440122333
0.5006696668195563
0.5740499023981839
0.8637368298228889
0.9302004199445176
0.9299993191105485
0.9298853741262855
0.9074147753087662
0.8725945965910016
0.5102092900241637
0.34490675241007696
0.6310420382453571
0.29747913981646346
0.7192922367818598
0.6312272660090948
0.7747564938199203
0.9815469567840043
0.7677965092085575
0.8214949083131075
0.4443878593026147
0.31878949304422566
0.06915033141968498
0.08731013527485607
0.31120655764800903
0.5008167364731159
0.4131866551404502
0.6316295787373968
0.6389089570677549
0.3931600370480185
0.5008311795429697
0.19877350116658693
0.5653589559221193
0.5513125058432663
0.5821089914024593
0.5892173778648286
0.6593760610395168
0.4241817534788064
0.48402039665652424
0.45475958685563517
0.47323783332958375
0.4231570648792581
0.4820835214737459
0.4637850989475992
0.39324827713578786
0.4808522920010268
0.183843267858472
0.22044073198785602
0.9866425479735916
0.13544875498775538
0.8316663975383277
0.36332226954794367
0.2825796495316686
0.024625033137915496
0.16383947906228577
0.26015259846268973
0.395256399526237
0.510897974278225
0.7542582053587229
0.7617644684163576
0.2842231695625483
0.6097643694459288
0.40116817729950277
0.7903816299430334
0.38286298553988457
0.39221980596564077
0.48299493545799993
0.6171725129722655
0.949204755889871
0.8988989283994755
0.7006468112143874
0.8064780874258379
0.9070734726929314
0.7985682976508527
0.8385075157378935
0.5882358576635887
0.1735608868676627
0.6308188433032212
0.3047765315175087
0.5537135770346513
0.855484428975242
0.7694242503963226
0.994239485949284
0.8140908647530634
0.7423624524874006
0.953655586000197
0.08734630771118128
0.14258503594179361
0.23124093058276857
0.4556566766492332
0.45393460092872245
0.48353052338028024
0.45354532104227013
0.41464605317932607
0.5173430159833899
0.4638766644770317
0.1636184564432073
0.5269876052557495
0.5590181831224593
0.5661190110907353
0.4741163284750668
0.5277806065335472
0.44428268551564803
0.500233499303152
0.403279261877193
0.4237923774265013
0.413286520270493
0.4544155599528466
0.3529332064395835
0.22028300081553726
0.4833770070197679
0.25050400280115576
0.32918919325047286
0.09100815829111905
0.12445048854053031
0.1488539201234094
0.707714567296016
0.1531624434501657
0.7127583240713279
0.6388622238950646
0.8819731190434005
0.7542121760854564
0.5964469811276745
0.5344757124653764
0.6728885347012198
0.6725758099187967
0.3817491653020592
0.2907285912844294
0.796684936346483
0.4746318642258666
0.5512551191303148
0.6098331193222932
0.9226298546594297
0.8301867299611919
0.8473279952643069
0.9072049927506706
0.8056543980121722
0.7764623240155419
0.7070861825086956
0.754253314514474
0.26528239937792136
0.4718498604576777
0.6110293154443706
0.468409533367599
0.503529109010031
0.8653941063228412
0.9211773743573243
0.533546211529845
0.5690246032696618
0.9029898077382668
0.9910800071697478
0.6950193378136197
0.18862704560044463
0.327485141304534
0.4237882722591378
0.44396780654441453
0.4336047247149101
0.4912814045616943
0.5003260481136578
0.5958887307514655
0.311088863851976
0.5429943021927944
0.574501831688324
0.4538418673674522
0.6240387968791974
0.559343825544115
0.5426512699496407
0.5007468108474268
0.5424415644148743
0.4240819228658433
0.4231549541935732
0.4134881646065252
0.5285825493766982
0.7016241247520182
0.19962475453431286
0.12634894013704082
0.0627565782007239
0.7488873382650173
0.016805711184389758
0.7269275074223556
0.7991174304394993
0.5358897228668442
0.6384628893412323
0.34678113672825717
0.3634646114433648
0.9154171822490165
0.5663690292874572
0.6982051856926773
0.8059712983486839
0.42326280837733393
0.3267293723173606
0.31843928222242596
0.4015655622584401
0.445078688685047
0.5819548205876355
0.617287415416845
0.8979731899627155
0.8642831113967444
0.8142616561908128
0.822752013551212
0.8228258481493179
0.7134711822284832
0.7066293642521903
0.6321532697345186
0.6175122068464773
0.46386054230362833
0.4016986274985018
0.8215128019071454
0.9362787341526391
0.8521800696730376
0.7011908472948651
0.9535127630807035
0.5601107324746353
0.9053029628599536
0.9594412878572813
0.6606678477236019
0.3603658278196982
0.5334985677912171
0.5361960851266274
0.4541322956114543
0.3818534123153919
0.39276076938930726
0.37169339522366796
0.46339003047638055
0.31838318206190824
0.5661253121728616
0.5422809903844287
0.44437231515892256
0.3935273903491911
0.4131788370696232
0.4642363298999442
0.48263372876922395
0.5341714312769935
0.40243248307232293
0.4231492961822218
0.43349303142163115
0.45543060493614135
0.8705382278058005
0.9862124270744577
0.5185698591842602
0.02012625425429264
0.6597565671882023
0.24444908146392133
0.8432135166126841
0.4479474916359993
0.02282304202888576
0.9625456828825181
0.6732557333435758
0.8282768584025835
0.6111445772750214
0.9477368280995403
0.617813465919951
0.3265088005211593
0.4342311966575604
0.22700011203133882
0.22086521977621604
0.4435608303941106
0.5269255468504543
0.5887312857217278
0.6664424199882308
0.7691945820485795
0.9299954380905693
0.8392616336283296
0.8816645921985116
0.8146303954509377
0.6922349220587459
0.8550450906521212
0.49273266247248754
0.7608325627764314
0.7609727625005628
0.5096839397658774
0.561631283540792
0.16581746287804322
0.5327154181927705
0.3756102738891867
0.9195688488616526
0.7416925929189625
0.6195695614189174
0.7491714035031455
0.6340779419193547
0.8237253172410427
0.7811912845057546
0.30385198316635914
0.4343893284166232
0.5162883479075534
0.3348697219965012
0.352545121040858
0.371970847441609
0.37144251313745774
0.7272503535343876
0.36249085676744075
0.46359208257829726
0.3719792178942145
0.40203010695979724
0.5085795002595328
0.3925495656170724
0.4135939162221356
0.37238397323056316
0.36204302892406415
0.3817604867780343
0.9273211927311028
0.9233236015095723
0.023611689174244853
0.8538493542356408
0.039669826900154324
0.7190646853881028
0.9712539366780657
0.44668110643865083
0.9713877312603701
0.769087440806422
0.4831833486586311
0.728220145040902
0.8653284255048782
0.935200195487943
0.7475837804507505
0.6601626751084517
0.6922802690381529
0.40274680902413135
0.37062633196875333
0.3623910055566244
0.48199015727826117
0.5011182061119797
0.5269255093610253
0.5969106286641055
0.8899108347812851
0.8473325523808232
0.8065463535993385
0.8302436548928388
0.7622056249987897
0.733800880930295
0.6718529259775272
0.7416515670014856
0.4847903592750973
0.6651596715500684
0.5588588959310906
0.549320732734643
0.3518876485338437
0.8457582427686554
0.7338930829384199
0.913669327705
0.879618048433071
0.9804437267463932
0.9811034264028834
0.8232409628442073
0.9888976325474046
0.4563513416710358
0.5131045202545704
0.23112514948518378
0.1990663212726888
0.3265098692475726
0.49100847243805323
0.3524526394129694
0.5274422060371871
0.7318456193814492
0.3436239901526238
0.4137905413630166
0.49199078585290185
0.31849579579667575
0.3273197401312145
0.39233035923088366
0.34379133428128045
0.36260580051485974
0.3711538388203476
0.5343233045627598
0.16841734049756552
0.8518595266752312
0.7218607819960211
0.8136104635403164
0.9156517585941573
0.7045008606376877
0.8146750702633957
0.44180375733591354
0.5457223498783886
0.7984114853170196
0.880779301438451
0.6406911355614603
0.8393896985824918
0.7409894068046999
0.8979082835531998
0.6461158271581485
0.5888393072764542
0.7196210736355652
0.5574102899418584
0.3181772496317858
0.4740348732920547
0.5739920718695414
0.5819579140077441
0.6036908835163464
0.881968385101989
0.8900477052364907
0.7266937234507005
0.863999444018043
0.7758717485705092
0.8809691559253571
0.7409808114764104
0.7836078940502181
0.6102371818917893
0.6850092482814042
0.48355883565617996
0.17844172421985494
0.3198710584157579
0.5085738504530632
0.9547437328517225
0.9122603285363793
0.890904884713577
0.9484115599671947
0.9784894004265364
0.9077368493285476
0.8470002348802029
0.9910920581293247
0.6253803136812146
0.5731685054614136
0.9524337995982575
0.37244171886885424
0.731003086903208
0.26577760257285676
0.608254897049937
0.48388187928226534
0.3039448314155441
0.39225376127036027
0.7675879659823607
0.3818526848492179
0.36351776058720453
0.6329325953256283
0.3624084522680884
0.392430667522946
0.19980240868521013
0.6816023099749311
0.6815807291988982
0.8485711774415677
0.6949966419891821
0.9593871574705973
0.8725869017083782
0.18312370175061785
0.03731786216028759
0.09297586432984409
0.21461550649874328
0.3549152845100781
0.652369305508991
0.8473230256257643
0.44428718260875294
0.2908512875835118
0.38623521469096744
0.5006645560618656
0.5181486316985647
0.45477215893931816
0.46329100268197443
0.2911164303094016
0.5089210590611051
0.5964486482233987
0.4632000998881707
0.6517894235972638
0.6529954166753257
0.7907654706952537
0.7987995873461083
0.7758199889148457
0.6866220760968844
0.7201356647021405
0.7831719981102987
0.7260224791482793
0.3547494104394675
0.5655811597779277
0.7894932583806338
0.44568580444744454
0.38134387667947417
0.3106616939318287
0.6856758688160968
0.7558434250628145
0.3360146409191903
0.6360032583374272
0.5341498151454587
0.9636860568627068
0.7775281391088947
0.9942203320647837
0.9717458576486019
0.8635549515907275
0.8469972773052525
0.8427306174410261
0.7675007295088352
0.7766844213361951
0.46585000674147287
0.40579461935602834
0.24299459668529508
0.7105086801737173
0.23979400596241807
0.462290453250721
0.2613352812082627
0.6009709610372845
0.7445336186844049
0.9591536987662328
0.5771547024174095
0.8641301916832592
0.7481859215183135
0.9298792171407512
0.9591557123304959
0.6703285395222871
0.9678098327001212
0.08752408273859108
0.1936119605304881
0.9426317494456901
0.559763522247976
0.5262641352327893
0.8133803103024709
0.7615147972431936
0.5508041557246274
0.8138086432346895
0.7276783070138623
0.7082726592004176
0.5014555611733338
0.4329849689863461
0.47343135033184264
0.3182851472053852
0.45344974547767836
0.45476397341003255
0.4339174155332619
0.5737400123701893
0.706725116158991
0.7198139363617589
0.7761766839694288
0.7761774223434893
0.617341283746713
0.8225542718883326
0.719860832351379
0.6320139587908578
0.7619190718852957
0.5592949697603938
0.7543489110195231
0.41389479629482023
0.34661409602871845
0.6214892973114736
0.7323381808619734
0.6203812884785996
0.28470836211765066
0.9750103082176831
0.6639653912544698
0.9842921320057029
0.8273818921589766
0.5596333511826351
0.786574736944918
0.518711188819193
0.9428944101331986
0.977316299082822
0.9841473504481322
0.6195782158847764
0.8731045730055059
0.9431965993040615
0.666532249756265
0.6777620125286173
0.8648866724095776
0.8539163282111204
0.9195238782325934
0.7847354902240371
0.7492713499772954
0.7069425006389298
0.9782061679975965
0.8239966944124794
0.9670037416294218
0.9707259565572653
0.9358435461546056
0.5393593383453172
0.5382033193075024
0.4703173373305398
0.9133500174804983
0.20415967444744973
0.8906975871007539
0.6321102546451176
0.6186999218352276
0.7265574445393029
0.6721031708292345
0.35332203524120837
0.48197015307702773
0.47137580999062884
0.3183292402201579
0.33493744008938886
0.2969368936886685
0.4337202676521637
0.335724105579795
0.5264687839391777
0.6384615285123214
0.33511596934640525
0.7543557544085907
0.5819151402325565
0.790930468271101
0.7405433160249765
0.733483639552508
0.6654281022194211
0.8217868239363323
0.6319269219741342
0.754540739405056
0.7197653348053441
0.7005901095105184
0.4241734256753114
0.5161615628815163
0.4710495939302585
0.9814712487588019
0.6476483765457258
0.5666047653661931
0.7082805871905731
0.7408283027303079
0.569295714408306
0.9572904352202536
0.9750533120676013
0.9412705169290608
0.9942867775614727
0.9072020919994274
0.3441599113388075
0.5674255845680163
0.6589947943823227
0.8718135494740314
0.5287434528994933
0.7190385902055433
0.5028465561581291
0.8875362811419771
0.8200365559620468
0.9676206321055477
0.4857429281875478
0.4546071638899598
0.4332818847854077
0.8649411406544371
0.3552493388700492
0.1991883517609116
0.6334703446344812
0.10181872537540074
0.38522288518384445
0.029259092044976155
0.6951153503237837
0.40599011978461935
0.7890894439030757
0.8149744123202588
0.7402623694778938
0.8390308814896114
0.7210647615524876
0.6725282659826165
0.6935777207192295
0.3716841474085683
0.4548408037517276
0.22612545637857084
0.3918189458776202
0.24226099338843976
0.311930147553024
0.2843821349364524
0.5100774936728996
0.5182953117905382
0.371877475852013
0.5966670046523573
0.7060036064165078
0.7756739670618632
0.5587439738406303
0.7614665398916569
0.6109077336694492
0.7990423647775162
0.5971053176488541
0.7899793708453963
0.5807597726354341
0.48415918030617594
0.6247138263224328
0.2714638558443479
0.7968749854227174
0.41495446750291565
0.4009933938660914
0.8892415173690902
0.804490552660809
0.8991674089076981
0.752821802810986
0.7074431590678281
0.9636609089237976
0.7843929848341465
0.49063781045739097
0.9714200521394586
0.7972684762265206
0.4457727451594676
0.4629215824175624
0.48197541356840484
0.3740663167848503
0.7202167859761148
0.5740117382973119
0.4735558031429027
0.4457519670947528
0.7891953917910993
0.41653948082135633
0.6361585139785473
0.6674152294993563
0.3259471634575943
0.6082994646503165
0.9546614284590974
0.5632790905936492
0.6561052159698983
0.728297290765297
0.25015800025197266
0.07659305272066606
0.6231180156567426
0.6102454876337059
0.8536594027526061
0.6531848659868318
0.6248094716150768
0.3357180763710687
0.29697571095517916
0.4449136335239945
0.42444001240052115
0.5329886933058445
0.188949256140714
0.2429454671090583
0.28360939736660384
0.6024211078418164
0.3729870725592307
0.4135992026271467
0.4141538612399177
0.35263638293129956
0.7616647260421232
0.6112431108438842
0.7062358993736081
0.7063660996407147
0.6388592161117379
0.7338014230968394
0.6797301740375681
0.8387008746475838
0.7274625926362415
0.638811797162485
0.6860883097963099
0.40185332246409383
0.4049293613611514
0.6367529965408226
0.2649230174966531
0.25367439915670625
0.9266885111884587
0.4363907354119929
0.915367437882394
0.9840730708399167
0.8149069211073848
0.8994151986302806
0.9783754787262081
0.7347424146093986
0.45575871855775246
0.6868615046399285
0.1986764837401727
0.286918701439203
0.24311493639776696
0.8049443414101515
0.41339959616414274
0.4535652698632058
0.63875327092746
0.2724988762186978
0.49076427235514325
0.6270464410293646
0.2661733186533766
0.5213689435610492
0.1934435511413843
0.3661306757706933
0.8721355243371884
0.7477803372838737
0.7439388853973566
0.14905097557800187
0.7318731402322987
0.6315343109432815
0.7816020443113265
0.3905629511933423
0.17322929425769662
0.43412879736473486
0.42610722585932126
0.3727862894950669
0.32585454490190774
0.38225280381535204
0.4722692683735804
0.3625975001594486
0.2903535276713304
0.29685430205000973
0.32631089632891347
0.2840097941157478
0.5516870605734148
0.39254848992362834
0.23705852704078906
0.3822662302387259
0.7465899138283411
0.672972587412204
0.5272857373006538
0.7264103198494336
0.7336648287997087
0.822486317235007
0.6250934642406142
0.6726191861437397
0.6455597411311291
0.6250949265558051
0.5338529717885262
0.41422995556257897
0.3197040046837335
0.5634762447389372
0.3806025321359615
0.13930352299126447
0.8958183832498621
0.748987219101205
0.9120743865833041
0.7482543508719132
0.9414547696276432
0.8886499052421377
0.9546925115400001
0.922119434899447
0.9367684299317488
0.8970162583009362
0.9056208804240089
0.5005840168694308
0.22022549867463279
0.23785068093926978
0.589383205061246
0.44481097250429547
0.19659484552859469
0.5246393738681595
0.5361416001299495
0.942374334228346
0.5270487707584073
0.354037065860793
0.6939834238647824
0.9270858552563708
0.9669870701774496
0.6987152863992422
0.8316953284462459
0.8805464979908417
0.7559967521891007
0.7344447377560692
0.7397801332348098
0.792144911200248
0.34452197484281466
0.3513226151413881
0.304835312707011
0.4144184237754296
0.4832300051856415
0.31126625227507904
0.34387279008958127
0.38295689495662083
0.2775434587432288
0.19420464882173755
0.34396089213489
0.5335941633112398
0.24321415832170126
0.29693420871698717
0.4624927363975421
0.15832744546305047
0.671890816907042
0.652659461854903
0.6453194708644543
0.67279863141664
0.6037872980031183
0.6730190758098694
0.672435154521298
0.484787852283518
0.6726676571235725
0.566477310331905
0.5964980488132197
0.4542382575970057
0.5644121788294112
0.2726197524443522
0.5104344646045911
0.18308015320715212
0.10655210862399227
0.5571734696267572
0.5646011016170531
0.8156464705429597
0.762698158454198
0.865106022818629
0.6880652091354379
0.9491438041659587
0.9635796574469392
0.9433228130626794
0.7077155845131692
0.8476193445408015
0.8215304410949938
0.8736560503118422
0.8628005283865177
0.5421566358547758
0.580701172709953
0.8295853860587096
0.7476815252000526
0.6796780744485289
0.7837942798139135
0.8563359709971752
0.8294785375000409
0.7203231086446764
0.7970594901049781
0.8064306097888853
0.8483192965100621
0.9784164903294903
0.8818244980715636
0.7004870856598573
0.45502191333747893
0.46341549626040934
0.4647564774231645
0.6383089743531458
0.5960619918667499
0.4343003951600844
0.5736179596633072
0.46367148302435535
0.1685377852791668
0.11415092385382591
0.247915193792103
0.2094905135637635
0.2904835915414185
0.30329349030011377
0.16340961823698083
0.3624949146799119
0.19371866760633527
0.12205809539991758
0.4440855747954431
0.6033974429530856
0.5967081861028416
0.42409261074900845
0.5510378503654261
0.5356535868535209
0.6660429204071887
0.7610781535091171
0.5817576431768365
0.5344018703354464
0.6387604194881245
0.31121217832295545
0.3517078126308974
0.24802946322041655
0.351942008260615
0.15794007701077736
0.09835463246757267
0.24524871074375057
0.5564725291962294
0.5018584668971106
0.8390512972965086
0.948634168558131
0.915370245811547
0.8315026603605116
0.7419491354159318
0.9681072434445843
0.9369872908398302
0.9287628391165816
0.8990427045402279
0.8045534076206909
0.7136156141519581
0.8224930317691892
0.8314528298560347
0.914781503729782
0.76925036424314
0.8154168885841041
0.8565828542947836
0.9491051850477087
0.839258810886408
0.9151904594174798
0.8905306090526327
0.9153691595943257
0.8650007613673234
0.9886955475546066
0.7977444395254903
0.8896279813864373
0.48316805832752435
0.500571604709823
0.2972018855164455
0.4021219724612434
0.2534642969495117
0.18815047179569966
0.1634921816772093
0.09852380269294493
0.27765114376001854
0.15375606384999888
0.1732517381203637
0.13661716665934734
0.14448801946103532
0.507802899178491
0.22056142790926847
0.11374592033380683
0.3102972798919954
0.24843250219535415
