0.7940765409405547
0.8056514713727174
0.7552378431136061
0.725226679926436
0.7147202524103671
0.8160083936244182
0.8395532789504905
0.6684867306292751
0.292888518076392
0.33000602299856996
0.3736705779910686
0.3683400618468408
0.3683989382759744
0.36842842017579036
0.3895492153575207
0.4635329086761965
0.5252281491785047
0.5496698444392253
0.5489730820724609
0.49862617855090385
0.4896861998035522
0.5256575594923523
0.5639655128697194
0.5340918635706365
0.5496156278733542
0.5568978111926998
0.587425903381645
0.533512724691429
0.5252275927984884
0.5338885781245862
0.5568433109804118
0.5338898027867359
0.5797968637135512
0.5340245171381219
0.5073804490103182
0.5164156569045437
0.48062627675027625
0.48931076141508056
0.4409028934623442
0.4160641838920571
0.34452608064073553
0.5967273849991335
0.7643135547293209
0.6685593997782682
0.6951653492916243
0.7726075726727988
0.7141107660384476
0.7040405312749187
0.7147192272757371
0.7357107413389872
0.7352267877001483
0.9828239090552365
0.9963820813890261
0.3569810081629709
0.40525887423858037
0.4797941852300417
0.44794952595028964
0.434303882933428
0.44800456640869185
0.4714854873739738
0.49783802830419305
0.462868315469641
0.40018355606014877
0.5733467150768113
0.7353318016338236
0.7998206960385699
0.7353351185775611
0.7551300449895036
0.7247905770660303
0.8345783447396484
0.8492389932694335
0.651241534059446
0.28600657751042113
0.2743866322399772
0.3508879735139997
0.3372705826858673
0.3230802452721779
0.37383558681372964
0.42212696618021295
0.47149060359034195
0.4410764813482453
0.5337426665189992
0.5335867274572877
0.5075472806845973
0.4896199826319701
0.5255275152150195
0.5253828667878839
0.5074696885431541
0.5253828622116793
0.533889182808264
0.5332456958038005
0.5252208379836725
0.5080206567913147
0.48923121494541283
0.5340883106602667
0.48931589289093524
0.5168161783479145
0.5251432021279608
0.4713492916125872
0.46316817810701016
0.5077158595582952
0.4985469456824998
0.4716361556437846
0.3999817137502619
0.3228474660277017
0.5420118834957864
0.7146228870114678
0.7353286139613241
0.7045193976419757
0.7252256947623372
0.7146248844454334
0.7250117685115112
0.7251244377639019
0.695076955237059
0.694891600986712
0.9486444139325625
0.9900918737199145
0.7531314993825484
0.3891820360022887
0.41643155789193215
0.42818869888872574
0.4220226007929614
0.4799932895017476
0.45542544456022716
0.47127896850403633
0.4482453489933616
0.4893114498018567
0.27926445819439094
0.745614164654044
0.7251210977685288
0.7045174026024481
0.7243973507923364
0.7875679325139123
0.8111812021483151
0.8208465021035052
0.6142827380005623
0.29978810947140616
0.25925532717521266
0.3572153300137406
0.30050954933029594
0.32289764776449315
0.3572154811148118
0.4001846978842623
0.4285400123776494
0.5074616635907276
0.47141700981321166
0.5493131244263932
0.5168860096350412
0.5256581223537242
0.5077223214217687
0.5257835702448642
0.571211669804882
0.4985498090234546
0.5168098169639757
0.5341504081254751
0.5712782929191917
0.48031156346096426
0.4894713252614495
0.5493824296006153
0.5419517631684541
0.5168144597216505
0.5166571987632852
0.5254545511364445
0.5161968484328996
0.5167365063920725
0.4982993603299685
0.4800674249549299
0.4054175065305087
0.3788033645795403
0.4001228822967934
0.6681865083963826
0.7645673467851826
0.7555916869214296
0.7643125910803715
0.7553336938361456
0.7639746811574292
0.704126899688922
0.7243036822983816
0.6773758545787502
0.6695594700924726
0.9880637122784071
0.9944166623180171
0.344234429779966
0.44062786161998574
0.44075446384087835
0.40553486368374303
0.4410124140801684
0.43435229107639167
0.4984714897285087
0.5340918669070693
0.21999472053402747
0.03427764197874833
0.7456151648014425
0.7727514592440932
0.7729281234499642
0.7147239992877622
0.8159827385099475
0.8057281696951599
0.7726113673222835
0.6766811699050126
0.2998263042191254
0.2927240937701495
0.37346334658644775
0.32315747757307994
0.3504097757453519
0.3570574643742136
0.43413340828350633
0.4409001872268419
0.5165773597658219
0.4802347243058044
0.5163395418889216
0.48907001099606395
0.5251477984093185
0.4982194483108838
0.5077151632165883
0.507715137735366
0.5076344203386551
0.5075472737765462
0.48899547981181607
0.4980536178936781
0.4889927572616994
0.4889941184714143
0.5340250905842172
0.5081551817354435
0.5336619460229342
0.4985497904874894
0.4983031572968218
0.48022621345409294
0.4633120301759255
0.4556238729341227
0.45536391281797167
0.4407114965477947
0.37890046191586796
0.3792135113953583
0.614873052553153
0.764617232727674
0.7806328917178749
0.7728759623210008
0.7556648584771734
0.7456179866037977
0.7551351571487691
0.7246824676525964
0.7245825601028745
0.6767661865683303
0.9254702836638231
0.9963861391771185
0.9073938224604143
0.36848292711147723
0.42224617668643905
0.44817764062935467
0.41626393855310906
0.47141446873914256
0.5714605251670801
0.19239207282430792
0.06275472644681994
0.03452286310949416
0.7456152078753222
0.7642352652168093
0.772755491707778
0.8254824303010897
0.8300430673999932
0.7643824904418713
0.7729798502007231
0.7136636663077597
0.30744722584657286
0.29991211794141626
0.3373220927241638
0.3683405372618225
0.3441894220763145
0.3507805674566841
0.41060190750424624
0.44107358701048943
0.47148724124871355
0.4893962911679959
0.5161973206637902
0.47179629158771136
0.5166571849697035
0.5335880402288885
0.516496903584706
0.5164149581139499
0.48968676783085663
0.5164210710438064
0.4886051910267801
0.4713425054857868
0.4630967034886333
0.47163726395543665
0.4629786468733432
0.516576659096698
0.5341503823063112
0.49813136259191726
0.4285953198072241
0.48907218762582627
0.45549002491574714
0.4982143050927695
0.46330942018035187
0.4341336249906547
0.38915336122129046
0.35705872247411585
0.5571741967094356
0.7354356548018438
0.7874240782324341
0.780340105363388
0.7640676219104977
0.7643113719379075
0.7458881403913201
0.7459677495371085
0.7247938797804431
0.7141090226016499
0.6051489646953678
0.9486849124374649
0.9978508576193175
0.5329267354666586
0.4001230658838586
0.41630348768965925
0.46345340674997015
0.4983891025131057
0.23788491988127283
0.12897239381025938
0.06305096102783692
0.08705982933035093
0.8057937859397695
0.7805828105049766
0.8057616056088162
0.8058234143893982
0.8058783501977466
0.7643831226019995
0.7874759527533192
0.6506968616974864
0.279606443623889
0.2591682609807865
0.34400246976717613
0.32273715357538607
0.31518756081990823
0.3508897869861246
0.40018428359201624
0.4408517128400795
0.4803848409044208
0.4979032488155694
0.4714860502915695
0.46297546666152556
0.5415560242303608
0.47149192610775154
0.4716391923089071
0.5338148664763953
0.5167385129176951
0.4802255487508377
0.5335052484405374
0.46303786601168706
0.44075475779496676
0.4106660271626102
0.44789653036527916
0.4714150935679104
0.5338155524497141
0.4893107794985508
0.48047174785722085
0.48030388574055266
0.4983001171498004
0.4799933197512338
0.4712794592842836
0.4404780884772947
0.3791816930635912
0.3790968951237014
0.534276644946997
0.6684094691574858
0.7045228047789136
0.7456110097016725
0.7457091414273257
0.7451970578198576
0.7249066448841974
0.7454023046386612
0.6689627389108749
0.6859663315630494
0.6237703520189145
0.8869006529398815
0.9971678218078054
0.9717783815438918
0.34423821668186205
0.3947692461394558
0.49862691108520324
0.19911704067714453
0.022655806751343915
0.08706381730653055
0.09480515313451443
0.10217096557991026
0.8000806786666221
0.7729312622453609
0.8442875713004202
0.6772930071518126
0.6599070872101619
0.7999225634708916
0.8057614132903482
0.7029339823380378
0.2638545605299095
0.2741063777879204
0.33043490184045093
0.3152421201737486
0.3229453854326032
0.38920927439873054
0.3843310387421184
0.44095706486196
0.4481174943779031
0.4890693259353902
0.46316757646779666
0.4983884182351238
0.4892304752757621
0.48922903389197636
0.507635058554817
0.48039191974558293
0.47156361314103945
0.5260480850368238
0.7132970342963424
0.7804107816257153
0.8536127432681424
0.8866369811945273
0.9253881079931416
0.4712166142201147
0.40528868344864055
0.4799248413962933
0.47179631459385596
0.533888567531221
0.5077900329828718
0.488994814469342
0.5250684616907846
0.4341713416261642
0.40509196657678226
0.3737001122969495
0.4990478968674869
0.632888229376791
0.6858902373981962
0.7454045441970021
0.703957313107011
0.7044163774038539
0.7249086785035479
0.6858180783796618
0.6333074680814378
0.6332278225380217
0.6416467612763079
0.5968064093590043
0.9719577031275444
0.9988738118499622
0.6662314989410583
0.39468314968080326
0.20582833223479938
0.02268726633977965
0.08700578891757664
0.11659531969380803
0.10228284304662806
0.07075039067608044
0.7875235588701626
0.8209829704348842
0.7640603465489367
0.49797751949304636
0.6515591826850234
0.8110488806630807
0.8160081334634038
0.6421850369873179
0.25905872718667433
0.24607923508434817
0.3440494444946474
0.3153532350960531
0.3569419374351916
0.3789011059262721
0.4341334006943746
0.45536277219729854
0.480388910315003
0.4890699831610392
0.48038825192848245
0.49870142626997715
0.49829931882098527
0.49829715152856274
0.5419517816261444
0.46298263384507715
0.5350830526532225
0.6855894344098398
0.5875709740006054
0.7460447902488745
0.6784244799370399
0.8211748699483497
0.8965339686083205
0.8348289345049981
0.9046920937430476
0.8246266038695343
0.4405521790530209
0.45605762621726137
0.47986121618338096
0.4629183327117274
0.45501850862249227
0.41581531759959156
0.4104303294888301
0.3895856080463894
0.5720150096059817
0.6510212354365649
0.6512481150052014
0.6861354228596666
0.714306116879346
0.6686301170142284
0.6056941429002901
0.6147098029727327
0.6330563295501758
0.6052954973306063
0.5881075296786886
0.5879555504262637
0.7158984680179735
0.9978512854766102
0.9994308955125701
0.2269150204226544
0.027978600178581593
0.0631769799021963
0.09496391454714039
0.09450169120982355
0.10939279164456803
0.11568402894710417
0.8111061350334207
0.8255939339578402
0.6140338897800081
0.2594080760558068
0.7045241706590972
0.8208461124548685
0.8002564305620455
0.6943357934235422
0.26851820833429524
0.21682960509907506
0.2860085518801478
0.31529563375777286
0.3227924538263196
0.3628033879726058
0.4221616552683946
0.40021782837850056
0.4629758156985988
0.42238373297975323
0.45536432269041877
0.46316429191735
0.5946684749680873
0.4556233439743439
0.44084965853835434
0.5489731137036977
0.4982200784926654
0.5343446358602018
0.6688693582356662
0.7640663797711493
0.8060067923975555
0.811079245983056
0.8966293455259631
0.8991233554771476
0.9319036507074075
0.935158188212746
0.9485718664199447
0.3788373291281809
0.4105440677239451
0.4054179571348611
0.41060140631433734
0.3840424298791094
0.3507805632506647
0.3571237271656161
0.5499134542387034
0.6684801369191392
0.6241071959937472
0.6510949109840245
0.6597564719393584
0.6771389598561878
0.6052168006277708
0.6330579772513029
0.6328882553512718
0.5965635111302491
0.579459412717002
0.6423522280872961
0.6139708144134817
0.9680800708280614
0.9988724437670943
0.022583075580831294
0.09462182220520793
0.10954480144847319
0.10263852826621091
0.03412480001931756
0.055188864029521834
0.07894256507958905
0.8444006618173525
0.7870944391537263
0.3222587066903283
0.2863369266123507
0.7043220151435035
0.8394361679861884
0.7941147359940227
0.6418619126454446
0.22015329478407228
0.23428135075988232
0.3227358968844479
0.33705693664742753
0.33705653691959014
0.3228979914474078
0.38926526572342635
0.4001221409201911
0.4407534394513415
0.4408496585552178
0.47134172122851276
0.48126844250412043
0.3893803360633661
0.373670918641127
0.448116578534801
0.4407611860666008
0.4350335576179027
0.6143629799491462
0.6415766429476624
0.6949742891616633
0.7729846414034299
0.8714175236333294
0.9016487292274006
0.9075759507101074
0.8915579125248816
0.9146583188256974
0.8991026326237268
0.9418857156490246
0.3994941366632716
0.3078853139834785
0.3999535058942268
0.36839829494018406
0.3945941139933345
0.31555058360224036
0.5572365019082199
0.7042181054547871
0.7037873786124534
0.5791554558306306
0.5255263438812624
0.6515551403097096
0.6327246539385448
0.659977325720953
0.6146260728074209
0.6144585062734699
0.6332255811010611
0.6681023015951395
0.6513968749415776
0.7727545205551358
0.018353706626724735
0.03402765058694853
0.09485955597998007
0.07938900009405431
0.06311952949737028
0.08654947360875989
0.06349130839351363
0.08659365359491399
0.7875235636822637
0.5490320473045096
0.22711536777266922
0.2802800865550684
0.7044215391908073
0.811227799975402
0.8057932457356114
0.650698531118544
0.2421412414428691
0.22368283340740153
0.26394702884319043
0.3440010508012223
0.3229453827142454
0.34435554526869605
0.3890959739691752
0.4338595857339049
0.45515043228827057
0.4284841343100324
0.44844206122203456
0.4476778837098933
0.3507809592750179
0.40557664937694093
0.46330942610559356
0.42838393795317947
0.44107644051820555
0.5081583736121023
0.42874570827936137
0.5795273047364009
0.8254780564071956
0.858402443910649
0.8630305935536292
0.8751137567212862
0.8966626348928396
0.904672163682398
0.9419829618719451
0.9944299736831403
0.9880676427774772
0.9994278702511097
0.2639149808458362
0.3228976404486888
0.3001887816352336
0.35060648208130213
0.5570064697917564
0.7146248746004882
0.7141107577285413
0.5714549046854192
0.2858791762590914
0.5168162260142469
0.659829389500548
0.6234403219740748
0.6238561135471149
0.6421937398050993
0.5968028215626564
0.6512455500295019
0.7047128831229635
0.047358349974212094
0.022655017043258237
0.0408725588043434
0.07106498803648331
0.022656289856783314
0.07075177858308808
0.0787463884604116
0.22012930430730915
0.25099854698327195
0.6510948230039583
0.24602785462621424
0.259128365945407
0.30809319643181654
0.6778954218818445
0.8394361679989611
0.8301057680099079
0.6049930899111827
0.25036042411755804
0.2237341373090644
0.2639134634145167
0.34419144895981035
0.3373181435043658
0.35721470712154274
0.3630114737431617
0.4160943747079107
0.44059006814108803
0.4411990879657716
0.4549757013774833
0.3572145240010433
0.3737562294338793
0.4629731341942337
0.46267293902346773
0.4221280616490172
0.4631682062831081
0.5963396510178457
0.46440480845816956
0.6324401566508
0.7939341474771061
0.8159561041576273
0.8162600507965085
0.8583794096558226
0.9718950104027565
0.9755774479385163
0.9679825514806543
0.9452641616282127
0.9827971251136055
0.9880710010950594
0.7105550327430193
0.26380503243089237
0.2929896393689976
0.2862849727179984
0.557173690380865
0.7045183417338619
0.7145120929744894
0.6326437338589316
0.18003533938184416
0.24246416646191488
0.6056202051328851
0.6055388041086586
0.6420226750811304
0.6054593749613219
0.5880320871407658
0.6944946836951725
0.3833251591446838
0.07093921358983706
0.06329368950685789
0.10264003538136326
0.02287998340141156
0.11605255154037657
0.05519324971576193
0.18317261427539908
0.2551996044799168
0.7039513592844449
0.35705587241427034
0.24604503096708719
0.25474695264889224
0.27430724994863903
0.6513289370581509
0.7941521869871789
0.8001149233591022
0.6326490001949655
0.25028078001162746
0.2460625793514457
0.29324103389865275
0.30766516364409174
0.34395299836867543
0.3001875670344455
0.41034707372888196
0.3892938628651652
0.4281470055141697
0.47164262757266984
0.3736420165933283
0.38923711362739694
0.42818795790436137
0.4000625305510907
0.44090077304340247
0.5878737590416684
0.4989086031269856
0.6682500016230416
0.6600529785713457
0.6322230328156991
0.7555056723849205
0.8812351149674054
0.8446632931714851
0.9485835368461885
0.9386116821347769
0.955943038846336
0.9521161753369226
0.9717789739360507
0.9386111259257501
0.9560094180390687
0.9917793782689801
0.285765634539564
0.20286975683592598
0.23443720319398742
0.5570045933895449
0.7350144009474705
0.7244027670528249
0.632882508170385
0.19917091593193997
0.02867665547429975
0.48031155320763586
0.6599023775231203
0.6052174345093132
0.6145464392891045
0.6768454282729588
0.7448193784255839
0.011222599779264616
0.07868246897824165
0.15724623653934416
0.04060872231264862
0.13499666509609926
0.12901520790416382
0.1611385804397732
0.23455723092979475
0.6512494071710954
0.6057707806495
0.23070014812517456
0.26873633153341375
0.2504156503564345
0.2930969953450704
0.6336391108266693
0.8058235742642282
0.8110782467244545
0.6417835588589471
0.30720160225792137
0.24606197011737888
0.2741070680157694
0.3372149538050681
0.2929931106055789
0.33021456052678544
0.3629818239105264
0.4161942071313179
0.4160335470239614
0.3945658217906186
0.35694271850274534
0.38932086156590057
0.44067034802104177
0.4407527307968264
0.4807007376041653
0.5959563897841158
0.5569527066082745
0.6327987704096739
0.5423628602402517
0.5423634078385837
0.5788659857306697
0.9253884043777235
0.9418525119444299
0.9016747411561882
0.9183636013905438
0.9183760695374895
0.9639606000784501
0.9639269540303385
0.9718051477328375
0.9560392022261806
0.9857179511919656
0.9791261266357536
0.398763515814971
0.22719519067004273
0.5339641866381066
0.7145177131322703
0.6948048475105884
0.6506220277488663
0.2094486913066569
0.008654946254045191
0.19952125077232
0.5422374177762316
0.6234367069203898
0.5964216830274994
0.695072595466944
0.047453823440650356
0.02792256143244271
0.13475229977906128
0.11006658355376303
0.07100491494515801
0.02262769892823607
0.16446263548634643
0.1402851481120131
0.6769200119891454
0.5497286544204837
0.8111054130196934
0.2460800841559722
0.2687859718222383
0.2592294491439728
0.26894885224886217
0.6426628207535112
0.820797216800129
0.8000474121593327
0.623513748070546
0.25898029780907456
0.23816260206039372
0.2859724038449156
0.29293953824763885
0.32985093219971984
0.378836018543567
0.3683712148200942
0.39453887490369643
0.6175127332187066
0.3303546277408282
0.3735398063708112
0.35718627906463785
0.4477194079145039
0.400187135903592
0.5420650482697524
0.5334388379845344
0.5572347799186151
0.6503407221996247
0.48954333067520206
0.6438660396465224
0.8892515775627767
0.8714780678171916
0.9016429674289251
0.8941514132686723
0.945194009921894
0.9351584167752328
0.952155960501727
0.9521701732274007
0.9521040577955765
0.9452517548553677
0.9638953255624715
0.9857178957036478
0.9991797643998966
0.15375425607099727
0.48981789898126626
0.6687068161526579
0.7451010862305366
0.6328788202732204
0.22350138044165282
0.022800494531195488
0.0086697462453325
0.2309791751426294
0.994435258360545
0.8445482807214834
0.3939091924675396
0.06280520276496608
0.12286249986812581
0.0706360930823475
0.10212175806649444
0.10903402217587739
0.09456614506791795
0.014449104680231641
0.6243501011872639
0.5420088084883614
0.764155415191997
0.7639756698633412
0.24215695429112208
0.25483195802302505
0.2638053829543879
0.2594412091464093
0.6334759734900761
0.8111052372125523
0.7940767901693704
0.6142776598750066
0.2095547794409652
0.19939527107770108
0.2797455311432798
0.2862330460132258
0.33016215717650566
0.33011088038114944
0.3790129528508673
0.3788360083809367
0.9217507707335538
0.27442789704288073
0.38920899325129904
0.3892376460831111
0.38419776304116854
0.5249236000449696
0.49846406025813594
0.3574763056969618
0.5491703511938617
0.36283480171867455
0.8537685902212532
0.8629412679267874
0.8442885784954034
0.7150504906215615
0.9016744672098024
0.8814907832714499
0.9254011195995029
0.928845070946484
0.9110591354336397
0.9485835365957392
0.9597565457470421
0.9521162156440423
0.9598100693841461
0.9452161070670114
0.9932155391348491
0.7766285528188989
0.45576566986990474
0.7349139188929571
0.7044143573373791
0.6510157570145612
0.22349075326436493
0.014712725438044269
0.5820169436274313
0.8889368732189716
0.9963886710395486
0.9988743388957912
0.9773798368853264
0.05504175148980076
0.13471151789027258
0.09491213991075968
0.07874868250575806
0.07122850493547207
0.07849792483379213
0.4111919670284913
0.6420211803657705
0.755665358594146
0.772530735751631
0.7802687924320859
0.26380551707927014
0.2740463564311765
0.2861801027959722
0.2928934764760288
0.6425104126488327
0.8256607174737834
0.8208921930282224
0.6512420997272677
0.22707773651921112
0.22028670187450608
0.28613294258492095
0.2800257232801581
0.3298083941409582
0.37357404437828884
0.3892092766941126
0.34386450863400153
0.8493320069545047
0.3373185114640134
0.3837741431006609
0.3999830066320639
0.4410792742284722
0.4887777021451626
0.48023115809023204
0.4415093510719081
0.378766349525647
0.7805333534234873
0.8344630920182273
0.884235217366353
0.8868029620513694
0.8584249615837984
0.8990034980603705
0.9218518374617223
0.8915399645139345
0.9046724508889618
0.9351784527311697
0.9351473700571992
0.9451940470341479
0.9385978428644423
0.9485719806057838
0.9385379179817807
0.952155856429981
0.9880637121843656
0.4223875550440146
0.6950787293090234
0.7147211809290694
0.5714529789652611
0.10196628316015832
0.9719823635595721
0.8005743452799109
0.9880589927487565
0.9418412935060679
0.9756494799677305
0.9996010887711244
0.034072337899741435
0.12905378448262192
0.04071103308045288
0.06270161248422024
0.11635029101979345
0.11020367815172646
0.7138435786146043
0.7254114956000595
0.7805814098978523
0.7728744206242768
0.7250173003565774
0.3227354668713065
0.30018625946947447
0.3155008943126339
0.3151894824967714
0.6334743281353999
0.8111565179747809
0.8300648563849907
0.7036149526958816
0.25028086922295906
0.23817839653486447
0.3372161234342908
0.3301100764611067
0.32994891782032865
0.3683392976351623
0.38412108231301567
0.26925586541431623
0.6317210487769779
0.27399379718242717
0.344393420736037
0.37860943186775237
0.394771004887364
0.4717211070997895
0.4051751769470383
0.33039769391282764
0.7552347481135241
0.5879556016307096
0.498851360623198
0.8712738838769802
0.8631304251647517
0.8842175748123313
0.8630928855183685
0.677820402194945
0.8891414217929493
0.9016681570386829
0.9075909342077142
0.904745554867553
0.941908442785032
0.8815057769941111
0.9288220573091245
0.935221857825246
0.9319884500500013
0.9288561669979745
0.9598400145697216
0.724904225034203
0.694417175670148
0.726569502472039
0.9318287864409911
0.9352712332386942
0.9639604684447649
0.948583460266678
0.9352331668645397
0.9900918647202046
0.9977503009271383
0.0948064360236911
0.10234447185192873
0.0625797574005979
0.0790045138190801
0.0006124481543607806
0.6858966791931962
0.6057700588439496
0.7642373061383192
0.7801107756891965
0.745615217763089
0.7351163752735591
0.3077752090695088
0.3438638279093429
0.330110463218228
0.3228491741545498
0.6604840550186123
0.8300859422747091
0.83955462157055
0.7138373532734128
0.26360895825305475
0.25524549687009646
0.2861828902238066
0.3001305498334786
0.2799349835441505
0.34409929704566583
0.3788699026767509
0.5292847253140945
0.8098994893695449
0.3078867237775309
0.3376518864185829
0.34386446271792953
0.38951183628749303
0.4711031512721539
0.3569869055046906
0.6944962655974065
0.5723543297980896
0.5573710168758775
0.6951726059525561
0.6514840779787937
0.8539361960715884
0.8439720582001639
0.839712687523175
0.867435647398167
0.8540590821623847
0.8396719253916278
0.9110591878794267
0.7731561415286446
0.8990964031692346
0.9110966777992984
0.9219948739954349
0.9182515174495661
0.9076436807401823
0.8941177863257811
0.8940796559081543
0.8292253056468426
0.9717652418903435
0.8966294492820079
0.9719093406711877
0.9385153246585984
0.9351787699699292
0.952116371235234
0.9319991478179936
0.9932286431756709
0.47616280414990597
0.11639570290423477
0.1348222940459371
0.06286908862864574
0.0628681703873173
0.2509535671339577
0.6941781791495423
0.7556648512154652
0.7458898647953347
0.7554220916200116
0.7451950269442268
0.7357864826512616
0.2798114936306146
0.280024690511262
0.28623269283740593
0.3005128063043935
0.6601331034578648
0.8396480800419462
0.8539570466548391
0.6854323794652306
0.25907480211084155
0.2343374581513764
0.2798495692000843
0.2999627812505919
0.27998053978112913
0.3373203455333416
0.35045881373177085
0.9857568634800218
0.7339198107519297
0.41054697725755507
0.3373218398558757
0.3734616666125941
0.5408406606961857
0.37357592987116817
0.6421140267787876
0.5344944890273743
0.5501948571874936
0.7041325067210251
0.6232174677511053
0.788035989457987
0.8341669926975251
0.8674355178466409
0.7650408290669443
0.8540936538552222
0.8750108710229555
0.8208929373373474
0.8749864479953205
0.8674526382796444
0.8630078454070728
0.9111193825876451
0.884217851277632
0.8061168876148291
0.8814613680716201
0.7361026472624487
0.9452638538055225
0.9047242306559534
0.9486314196545986
0.9597816116758123
0.9385265629768308
0.9254467712362118
0.9486062465067393
0.9045321004335848
0.911107582049869
0.9857542849044426
0.05485481259045418
0.028187204735045816
0.18936648873523665
0.11650485744004625
0.006645695549808711
0.725119929554731
0.6864100629237685
0.7729305471801696
0.7873669937876834
0.7252296742397988
0.7556642742281551
0.7456152468113803
0.2928882808521552
0.2638556467162557
0.2929898916301524
0.29324374845215495
0.7145237229769026
0.844288029699252
0.8442651720004006
0.7140150163938517
0.242141139532628
0.2422047268998122
0.27989326388205277
0.2799335929706651
0.2861801061707394
0.30804109545003006
0.3075679252551299
0.9984526460395017
0.8491581383468124
0.6935094381697837
0.3890639244709661
0.28028025736329465
0.2800302116569564
0.5495061868378931
0.5427816027901826
0.4486821250801497
0.7244863179761545
0.6426619917852292
0.5722317732905942
0.6047352835628509
0.787749650943154
0.8301919072816157
0.8300645375824235
0.7250151795723152
0.7807201921243856
0.7441075196177961
0.8060102492960973
0.8303072852023331
0.8675286579947946
0.8111062651262618
0.8002837012079556
0.8493307397475246
0.8348858287618929
0.8631621500365646
0.9352454842623602
0.9385600573150458
0.9111820264844871
0.9319480312225642
0.9385600580363906
0.9385379184568742
0.9597954350625787
0.7151767130202037
0.4562350032581307
0.952267960227121
0.008679871696637389
0.16455513704898167
0.09433255093944891
0.09468991923149535
0.46392152031743816
0.6420271361546367
0.7729296853516366
0.7728186343776943
0.7357099952910015
0.7726091843420171
0.7552337801951001
0.7459677100970138
0.2798114980461542
0.28608762577951824
0.299829346043849
0.35102526332768613
0.6686372392479781
0.8493561993500703
0.8395779431175956
0.7446543423840054
0.3071753036389774
0.24611596677324046
0.2741436655874629
0.3004582822872289
0.3000143408376888
0.30012927333366085
0.27394335041060736
0.9826725161415298
0.9045462125441971
0.6607991883938236
0.5162636959370646
0.2591908397269234
0.4223903090959063
0.5800962728179347
0.41627010540975296
0.6422772545229914
0.6053706115959517
0.6596808855504612
0.5166689115165892
0.724688607552614
0.6941812346372317
0.7727566468979921
0.5168104367616407
0.6502869648825776
0.7730740320552424
0.7555931573906195
0.829972467360475
0.8394100089795439
0.8392181902342637
0.7136796702858195
0.6862353552483609
0.8866483468297851
0.9047137517522584
0.9017147608240105
0.8868029308500316
0.9146838789417465
0.9351584518722775
0.9486179992160904
0.9352109747108549
0.9756079952228217
0.6603022260284851
0.660876426849592
0.48127607454084714
0.4676029268590923
0.04798476087634521
0.1400682694586718
0.11626253880381505
0.14511124821123308
0.6864885548478514
0.7144203291480082
0.7253239898539241
0.7803407281435071
0.7454045549786689
0.7553300737323065
0.755423945589565
0.755331084387776
0.30777317949653227
0.29299050371259727
0.33695567751043287
0.3629542355103184
0.6774686390136722
0.8395542125228813
0.849307328664972
0.745393551058599
0.2545800587977481
0.2236709819441179
0.28618364621148473
0.3223735012863342
0.31513018576731144
0.3077164950029162
0.24215673154691386
0.9954585624494174
0.8843272431772506
0.4996441343816464
0.5875579861127499
0.49754343160260284
0.4722564184499651
0.42202517491857217
0.5715673060527675
0.4556884301216337
0.5420096671159533
0.5160745225786703
0.6424323346736247
0.4228531511460523
0.5249937024905069
0.38384298634233294
0.7055741432899327
0.7332683419044163
0.46272125402422776
0.43457921716077086
0.5787130644511791
0.29971525401516536
0.08636120645799496
0.781186607607887
0.7940782329355909
0.9254582871488223
0.9146458479446209
0.9253886686045
0.921959787708776
0.9385377267241063
0.9352454836874924
0.9452271928815278
0.9560092536505389
0.951950840734946
0.23798912235791375
0.2798935155077978
0.9791749362280213
0.014421762580181043
0.06280760441760931
0.014563953378052951
0.09444254439077432
0.4564226941995091
0.6241078887308275
0.8056522426872592
0.7874762623746236
0.7250128646446558
0.7253187153403214
0.725319622899042
0.7145187520423988
0.7044152903812477
0.30006958877645634
0.36265267468521173
0.2931474726449539
0.368570446668656
0.6774706493466076
0.834598314390438
0.8538509813746875
0.7553226801169242
0.2684997661332107
0.2306508861061965
0.292842712373217
0.2862820888310886
0.30756694167753623
0.34395116482883703
0.299867540516193
0.9222104803093844
0.896715437911208
0.488451652058085
0.5499096896097969
0.3891274745801289
0.3894755668996182
0.5422348972629416
0.555638823957156
0.5496711054769988
0.4554269112287547
0.5496710960338972
0.37437638632017445
0.46223854767778066
0.357123227881431
0.3072008482626331
0.21301728487990487
0.36260653499480433
0.23479086710590802
0.2684808347466844
0.11682763440168899
0.0010542924107521097
0.9145290122610249
0.8892113657356013
0.9288217685010419
0.9146581873654698
0.9147192279614453
0.918277084183361
0.9111702133731998
0.9351684328900384
0.9420096576236814
0.9415735867488391
0.2421138481828663
0.2927229636712486
0.308500001431777
0.9319481361305166
0.070306956974792
0.0631777600396567
0.08727424305037045
0.07938900247584665
0.02280416827191732
0.6943379441974139
0.7643852425510516
0.8109471605944394
0.7938857667061892
0.7554248686499907
0.7146218165881179
0.7250150979543991
0.7351184899548803
0.7454022346618999
0.35705706718476693
0.33721730173167547
0.343953355260795
0.3841977631230433
0.6860559546328531
0.8301263911482258
0.8300861304977479
0.7454002134288334
0.25032672020815705
0.2271276449092427
0.28597164333854674
0.34378383876560625
0.35031700323662807
0.3568550599705386
0.3077160820561977
0.20669044400794806
0.8915347698617612
0.676375653049273
0.5639154540188208
0.25531673337034283
0.5259134381551521
0.4099092801816285
0.4285404649816325
0.5562774453256375
0.5499792234957308
0.5493024799905768
0.47067691935749023
0.0950154272982419
0.16464023737186823
0.12301092677330863
0.4105190615138524
0.022689147113031473
0.13501905447655205
0.008704328629830333
0.054829866262632025
0.7860543577563153
0.9287525425446328
0.8749991227060729
0.8892180360024284
0.8892110788045842
0.8966699829928241
0.8991161372418555
0.914683960923716
0.9351890434736175
0.3629225208068608
0.48914041289926946
0.5801035650887099
0.805691508056918
0.8750220647342399
0.03383432050804898
0.04751162846581669
0.12913052898181476
0.014465750088218923
0.19565305317177714
0.38992129723953967
0.5882628540624633
0.8159263277558613
0.8057934382690385
0.7806771334813732
0.764616487807034
0.7643795640641393
0.7355355246901564
0.7353297409665994
0.7146196949193552
0.33016437913008967
0.3373684329151295
0.33711075823705416
0.32308004745229396
0.6689689685764738
0.8494031159273703
0.8346183045165626
0.7726009760015694
0.2685176650812376
0.22712812506606286
0.2740754967719347
0.2638831852813998
0.27977694909347095
0.2861322216556845
0.3683079729294781
0.2858195691744388
0.9485164332407815
0.7941869942306878
0.48785459018070737
0.5163356714794195
0.4406659994589553
0.4887251634749421
0.3895503233555186
0.5794019032885501
0.383981824111314
0.2027263355210514
0.16471091330910376
0.16103498531884
0.19204348497597898
0.15431711273306292
0.14470542778528894
0.19250292833240795
0.04041083239646329
0.0010617812516137632
0.4474153672256028
0.9351583445367112
0.9046103848057052
0.8750405105335519
0.8713848438837916
0.8494493936415661
0.8941422710281548
0.9047245561244569
0.24552008278016477
0.3997182568508286
0.3839539757370098
0.6602955606282089
0.8301066445815536
0.8941607951146389
0.040391773521456266
0.04762527937123187
0.1024525236102685
0.12239353125961898
0.028464439507810323
0.04798251238632959
0.6509429565811775
0.7459714833560481
0.8111063817989403
0.80585121375491
0.7876070496099267
0.7726849837056066
0.7804065438616418
0.7642327721902794
0.7250140252204943
0.7254053381519076
0.36283498057657476
0.3505576842012855
0.28618251759071484
0.2864793620042527
0.6338094390677601
0.8444007771975017
0.8585112251568342
0.7934956673423899
0.2546255142108893
0.2202490677380685
0.2548856371519208
0.27984898832075306
0.2928013842979354
0.3000705056615137
0.36283498058180064
0.37865003494788724
0.26133784588210746
0.9218430703933179
0.339165418616972
0.48014459730181874
0.49838240541694184
0.4287438090077452
0.4632409299847188
0.4897522375880296
0.15747988096941437
0.22731467436051941
0.1162085045992752
0.06349388946144144
0.004758913115640042
0.10978564856600041
0.206168708705448
0.1287985468164342
0.28722227581418996
0.4879647554316802
0.8941255712796353
0.9146228587628452
0.8867430880673064
0.8867731062195994
0.8673579291826132
0.8814754146434941
0.8941048945574069
0.9319480669457904
0.6585797088605149
0.19353604193506255
0.25921438672144487
0.4416187045670216
0.9109461895730617
0.07069151624372935
0.022627708637152823
0.14004206407224615
0.09469091580867159
0.028016199769725993
0.10963630312030273
0.18985266575836393
0.497653743958519
0.8161003021783522
0.8000464564162457
0.7940346338630301
0.8109068030736251
0.7873661417697584
0.7728181681048588
0.7727521426656115
0.7145208897770933
0.7250088034034254
0.3737273753535486
0.32273831183721347
0.3150745867771786
0.259406348779646
0.6244373466891343
0.8584896592776825
0.8539367616589837
0.7722672795050751
0.26848071082578095
0.20968536471353127
0.2798489907722233
0.32251327460150203
0.2799805170899909
0.3002447701149746
0.3629818222131585
0.3945660234292605
0.25473225982703557
0.9944211833508276
0.37364233537386765
0.3949051347962319
0.3372186807088782
0.5642343993746657
0.42761366450802085
0.21306159570407002
0.09480388795342543
0.10278684388219902
0.18664054048566453
0.1959316795803334
0.4880675492320548
0.04081499398768952
0.07100082873841371
0.1165714104649705
0.23083666326946276
0.8115632139289574
0.8814538623500237
0.8813636134434492
0.8256845293993513
0.8494703358494842
0.8111320799016439
0.9288094426398793
0.9254248520939949
0.9385044803020699
0.8890695025793302
0.21673196558299734
0.3679978768671449
0.571403675333532
0.45391985216051567
0.02792211226651432
0.04769139623964573
0.12909460398767578
0.11615858946036596
0.040431441720414144
0.04762530138051644
0.5344843164106041
0.47247301741561626
0.7807203973593966
0.7941152123456089
0.7873677223009532
0.7645660468179016
0.7730720777532004
0.7940759758978119
0.7873661419421653
0.7457150193539742
0.7451930922458028
0.3373203479673686
0.36261285877343874
0.3000704990096459
0.26402199625559547
0.6426652396464043
0.8444459403461197
0.8539964655674958
0.7935648676959942
0.29239045670314395
0.2202009264560347
0.2593083210099855
0.28633232963040123
0.3080424780990432
0.33030934462917083
0.38967465286598535
0.3893211533876675
0.31507430830456146
0.9944318466804777
0.39995407860852505
0.36283305774418245
0.4280727276845932
0.23839645702497306
0.16465035224851202
0.23092050972500378
0.01843128992840704
0.07874434838400367
0.19933624879638878
0.18342188506069565
0.04201749757921584
0.004809867832830769
0.0006155475612871342
0.33780732754342496
0.8058234151991263
0.8110497493408152
0.8841468207938985
0.8301255379634088
0.863188401220223
0.8059315306102336
0.8892042339106644
0.9351684329950922
0.9351894413162483
0.9679991133382628
0.9520807597162876
0.2997513600956812
0.04756765771405292
0.4120015581946394
0.2055448004323231
0.0716090747345517
0.12916299252763622
0.16788999226507692
0.09428048775246346
0.08740991088147336
0.11691887725082793
0.5568931260345628
0.7871698747703824
0.7042146011483023
0.704218106199651
0.7999207046277426
0.7875229941893416
0.8206765524333014
0.7805285146762139
0.735434664315273
0.7458046376873483
0.7452956399433281
0.3628346097822371
0.3152944315521983
0.2689109011304755
0.279850196370648
0.6334735930615474
0.8347051147854382
0.8584467806477397
0.7938233427808349
0.29256763511288375
0.2503780797121157
0.30024308426982893
0.3503191257274035
0.33716553192148185
0.35701878318974334
0.40006310415826724
0.4162285056914336
0.4219901463733283
0.9290866215047937
0.3791517972163609
0.46310133447118895
0.5068889840992226
0.12922198755956474
0.054878265110694394
0.18064076156876113
0.028055083368269392
0.05576321034976017
0.18957418231291046
0.362280986728891
0.11615942986287786
0.000298061114972512
0.43385960118485883
0.8301067406446434
0.8782997022383124
0.8158240177302617
0.8965222909287522
0.8111534770418747
0.8056920597066382
0.8346628444283813
0.9182903548449726
0.9319885500170466
0.959769136044861
0.9718951733067336
0.9880214432323254
0.4789884660932338
0.014390940616894483
0.2787895080920844
0.3006334819017233
0.09474988059165708
0.13501767047516589
0.1739620021049306
0.047871187193951184
0.14955576874004772
0.44166851832667936
0.5422407535707763
0.7876822616464023
0.7803407280774973
0.7039565278387545
0.677219603267581
0.6333110859512612
0.6508647424648328
0.7549372691649496
0.7142100759174765
0.7350133538156215
0.6688740975722881
0.33016368736680585
0.3001301116375503
0.2999129413427143
0.25045541559495377
0.6519157760024038
0.8256390217169773
0.8749411937305295
0.7725218719393602
0.2857928366800246
0.23823120526254116
0.315185972853727
0.3155911038544672
0.2931951422566702
0.3507392746815759
0.40015318523776183
0.42796910915286024
0.45506331619306173
0.2936318768901405
0.4889902511757874
0.4886048512510247
0.23397072392058574
0.008638919282261662
0.16087261854808207
0.15737396348866262
0.1294445894388143
0.1400103432385315
0.011296404028782759
0.1395182148142507
0.018284747065609074
0.41556669563872145
0.7874765885396807
0.7729321856085318
0.8867819083261629
0.8891492604183906
0.704322028070367
0.8110481721749426
0.8395547092377382
0.8674354461501093
0.8966484751806664
0.9219711464534046
0.9351894411898182
0.9486581157993043
0.9791488054147717
0.7926368427489727
0.09427787373606916
0.10325978553881066
0.6391533816443741
0.1401773732992154
0.14487713522659562
0.14479998528778215
0.055252041665544975
0.04061185900763649
0.5878103983603715
0.7049569816120319
0.7805825110875066
0.7938857814169427
0.8058512130829015
0.8056903436327078
0.7349146879276247
0.6770697283314706
0.6506998854064243
0.5965686315493814
0.6332314676572621
0.7038741229693852
0.30777441560771274
0.33716335156276694
0.3077740128790142
0.24611677340761193
0.6514775552205894
0.8444007782503269
0.8540146478041478
0.7938832369679885
0.27381337472752804
0.2421567847869415
0.3003573897021271
0.31524249786042363
0.3301632999325279
0.33030997104983184
0.4052302905843462
0.4409554293157374
0.8478773001727894
0.011266417858146015
0.8916664853475639
0.17728648633356953
0.29216525618032174
0.023324063192044945
0.0016478698861838324
0.14535173039214175
0.12874192687266464
0.02823372436708567
0.17984849198600758
0.04189980727075947
0.4177902314314832
0.8866954352672203
0.9076438575921636
0.7731953448066352
0.914657849768135
0.5720843578846436
0.41040249862590594
0.1771449612121422
0.6065281390704858
0.8585518894799615
0.8396486977291167
0.9182771294027693
0.9046723199072702
0.9351787010327307
0.8989915847347739
0.3437832455293005
0.03385503751218414
0.07144141656246902
0.8336662441293204
0.13515597283725178
0.15371623386665548
0.07106204722428769
0.1448998479670886
0.18044932033856068
0.5416918607365023
0.8255288259185308
0.7725284490661822
0.7553337093381901
0.7642359848468091
0.7804721209610664
0.6778140686856147
0.7348307050174123
0.6862316278920656
0.6425819090520687
0.632804430643704
0.5962771464717068
0.2798123118096484
0.3374991772635112
0.3150752349593353
0.22032918257165238
0.6428258250310315
0.8585318913537967
0.8674165550728837
0.7999645372031127
0.30720187632970597
0.23069973330141844
0.2929916124519935
0.3151855512234364
0.29319512858412644
0.35050674515633623
0.38923748657437457
0.6778941233696435
0.661225815639527
0.8204021155504065
0.25885976612722544
0.0876253309341713
0.028978777607116417
0.2842118328419209
0.3721520792086325
0.07075216863767986
0.27410984610872907
0.02801532018438867
0.02794829811838207
0.0002986825149374017
0.46630538332169
0.8586737506814248
0.8814151568930986
0.9449076597037882
0.31540338645891264
0.21667565179669984
0.34378186079532413
0.23488971280832752
0.44771894833539644
0.5498551160151934
0.7458099536315176
0.9146838798524679
0.8991233092722883
0.5565962136824079
0.18934943763350018
0.1610604023940885
0.17717248634072383
0.05571716767477356
0.8621555928855829
0.06339714583024851
0.17101954842420775
0.05548860139019381
0.11605075236836829
0.4639783234317166
0.5264530245224501
0.7458906151247269
0.7253215195190235
0.7457120722382844
0.7451971075198808
0.7551361676648325
0.7451950268435543
0.7246844057395767
0.7454022937400586
0.7140189652111949
0.6857400585471907
0.6595130911509077
0.2740757090368673
0.2687141519466499
0.2547866952713853
0.2027903299103235
0.6057715311394117
0.8585109575151718
0.8585861152461247
0.7936955618005059
0.31469859687430357
0.2307126888057977
0.2800240704320757
0.299913947282462
0.2741413808195095
0.22718532859833626
0.8805694330585374
0.6945700910170036
0.49877040257684596
0.040365019727324654
0.4973887564626505
0.4206253268153981
0.35102177876562024
0.12869832012608395
0.022723279573323502
0.3280167656647168
0.08675710557187163
0.040873610089923365
0.014390892064938906
0.74165794417532
0.825662032067993
0.9452386697199499
0.9216960487497313
0.18003533748863385
0.153871964174235
0.014396035171048219
0.8498424652050758
0.18271539110939514
0.3688423584264067
0.5640245664570006
0.7147280317811123
0.9640335546084741
0.216422436153266
0.04112509921536323
0.7994065654585308
0.033947163234168055
0.05554747168928726
0.04066475424364624
0.8866577732826161
0.16460811969584435
0.14950265523968126
0.10259651176706668
0.033945673786020925
0.6423447284410936
0.7459704190752695
0.7456141320238515
0.7045183920375562
0.6687879266395841
0.6949845154760547
0.7043138798052193
0.6861385677006165
0.745193115562417
0.6687082760874691
0.6236820411202033
0.5716255057589034
0.5568433143529967
0.3077759612541468
0.27422022820897685
0.2547282331892628
0.1801194215092382
0.6150375658268218
0.8631616335098217
0.8714570039457404
0.8000439835346482
0.35643301349537404
0.25041576110846425
0.29336968210370745
0.32311659276641125
0.36716132268920215
0.1352211886834634
0.8259415629463945
0.9626375585186002
0.0625780810813468
0.31453656502660254
0.0946300376527082
0.22363604123919817
0.34422965461178545
0.1157093667337207
0.1605735370819625
0.15365551777888034
0.014421300991608366
0.004810220179514086
0.15006270643175676
0.921650348115371
0.8991583264651671
0.9182496221947261
0.40009371567054464
0.5635120201017656
0.3008447601661319
0.3153013974443791
0.9419430004778504
0.6848368710278238
0.5335047811762896
0.46331140091761325
0.6609930246262369
0.9971583278199909
0.4722639885368287
0.2096445796609802
0.8442620957743702
0.12286279790996799
0.10233824223321224
0.10333411006061069
0.8258795752667685
0.23808827008421685
0.09474749762023005
0.11643533435307683
0.07999611404112471
0.5718740659758801
0.75533202884926
0.7454033748136749
0.6947221862427871
0.7937644503841713
0.7451001118790408
0.7043158462262167
0.6687075426681025
0.6857406620447156
0.6052955031045806
0.5568437257412997
0.48968792064202965
0.7875679419571271
0.337320354539293
0.27418159780217327
0.22715328468172585
0.1832338550508831
0.5971147301830295
0.8540147702951805
0.8842271823939889
0.8208449669067475
0.35685282569145055
0.25474775926863935
0.3684555335419103
0.3790189143384344
0.5794528581376043
0.6320558237194338
0.21689987744315734
0.02272328362816709
0.6938519781462722
0.3561944883454367
0.01833852236791712
0.35697687245966203
0.29358966844534906
0.5574797185994433
0.08669775116097372
0.028097288155089543
0.10250063792450279
1.528679844590705e-05
0.30030671045226326
0.8713318143283064
0.9288197565356795
0.36880209171312994
0.6513170864320056
0.7037880784859302
0.6772902031308431
0.4554307752672197
0.4290209548377984
0.6945671046913109
0.5159586213498241
0.4805503225730464
0.6435055572651236
0.9996024885639331
0.6944856897835159
0.5165723312056169
0.22069406726114005
0.2504747954383752
0.05491405577826045
0.20947279751651163
0.7263269573436129
0.22062369311699412
0.040976265060789475
0.1227306162609408
0.4487361881127679
0.5801055211461316
0.764062143957921
0.7247894797113408
0.7243052567666682
0.6684113686035421
0.694567127711682
0.6945658236285452
0.58834354899063
0.5878125214738995
0.5640221022435524
0.7809036439313478
0.8915710147777025
0.9046811610816916
0.2860871304855294
0.26369914079162177
0.2306375506966032
0.1574060650518444
0.5722281633046459
0.8494268452150097
0.889169158847571
0.8207094596021884
0.3503156029002322
0.25937025503745026
0.3508887166800204
0.37904072345934536
0.40056682687985656
0.6595173406369472
0.1229425304498367
0.36795875378368426
0.41024925133951345
0.3675474999069447
0.07862281456795958
0.23805852133686511
0.5063334663589503
0.8326349703977571
0.07881168400402948
0.028186149644672063
0.08664659198092296
0.38056325209681297
0.9042756831799982
0.9254469867084351
0.242278436572493
0.4411389545531418
0.6597551538607218
0.7731547196530575
0.8396260274283065
0.8002024963122901
0.8394605582040384
0.8393266517940142
0.5572961881359514
0.507462442817321
0.5645489800856452
0.9963893012409515
0.878361928837297
0.6855859733594148
0.48022486779853485
0.38909353474201797
0.10185739113719201
0.14522853471872801
0.7560072653076348
0.13515607288034193
0.03447732864197426
0.02798005782565578
0.5878799655950975
0.7555916724440781
0.7352244849302406
0.6857433203138463
0.668786411226509
0.6600510950465125
0.7039543014243878
0.5968812456199583
0.5643534841386554
0.5493778562197907
0.8784508259650133
0.9351583444015211
0.9111071917824479
0.8966549375849676
0.2167693974596018
0.1994072531512694
0.19932617124431226
0.15733841902210108
0.5884188883944013
0.863129744870524
0.8842774871119262
0.8159534237637099
0.3623405755027716
0.23814699652935975
0.3737276627745086
0.5168812164675981
0.35031724187559404
0.2632849677400355
0.15375429506807592
0.199434047785286
0.2094828985611278
0.15343887192663447
0.055190028726544584
0.03412868849462524
0.2734431127945516
0.26894936923911344
0.32236546660022924
0.06269973672562798
0.002454151520788939
0.3688798225176637
0.8966484391307457
0.018494497498886944
0.3444268347945674
0.44789755148333277
0.6329724995907667
0.7555117296549657
0.8494493930359684
0.8749571634959791
0.8631295830231743
0.8159544229031505
0.7136669681583301
0.571278755704065
0.5083039136108105
0.9978512857760264
0.8255286838105972
0.7344696928757144
0.5567255776703328
0.4218918032275893
0.04763005692409032
0.23064899960810983
0.6162472110421984
0.17362185266403135
0.15343888551973792
0.03413094531899206
0.5722803979766043
0.7874213466978299
0.7352244965852792
0.6599806437486371
0.6687820833081325
0.6772176507059303
0.6241035685927222
0.6141256636861294
0.5492467277602606
0.84449083937585
0.9182643843564275
0.9254009838468834
0.9111576810881331
0.9254357920689914
0.19588501436153677
0.19934817054931378
0.19584109710325745
0.11616141885608172
0.5968918824017689
0.8494708543051467
0.8539164636381008
0.8108124734352803
0.36218481760582477
0.255388646695383
0.3508166545448179
0.564997449354458
0.05605443703565448
0.21659038786291024
0.10963803722720634
0.15727331841606074
0.5335620084083447
0.14021009577960472
0.07916623656408919
0.014434335712532591
0.047873803556121676
0.2803807705205073
0.5633054846930667
0.054847184327560146
0.28189439403135724
0.9183758281978606
0.8123531011843306
0.18631105574000476
0.3156744199667235
0.5076291445270775
0.5965659326626268
0.7042200859310941
0.8300438949640224
0.8539772756840137
0.839553275558358
0.7640611961556979
0.5568973799454405
0.4715642765159828
0.5715707663045793
0.945369372743962
0.7805821611613164
0.6683361242422958
0.5494436970601533
0.3564827329713192
0.12277765017729786
0.2634250364320242
0.37046580101405385
0.594126779368537
0.1446713363273497
0.25548468742785657
0.5501308556749545
0.7554248433885995
0.6859697261956198
0.6687048499256828
0.6769180053823659
0.6509422444891118
0.641787780248335
0.5960900693486844
0.5427144910014314
0.9146959646863804
0.9111447050895118
0.914696093144842
0.9486314714848988
0.959795133921539
0.22022509134451043
0.20600737467893243
0.17404268417925042
0.07081608853036166
0.5502642654313993
0.8346408039448675
0.863029928429522
0.8056065000474212
0.343578774473274
0.20293525802949272
0.42209171742970014
0.5072846600923555
0.41590999042785143
0.2238411544428295
0.2420087504529403
0.26003045558862514
0.27893567467355285
0.02275732826764417
0.04725355151075719
0.11052965390401494
0.1451294880513511
0.23404694284070582
0.1017508337405803
0.0016460322784973835
0.3948016030279166
0.9486569947876052
0.01840073923867078
0.2924359644142032
0.2931466737245278
0.47156433578149737
0.5420118534883058
0.6242699693526572
0.7249087086389068
0.7642384230055446
0.7555911506536934
0.6768440024362044
0.49821429991689625
0.4712170778339723
0.507551240150796
0.8676544442534313
0.8934745206508219
0.6772224214677115
0.5491751341335264
0.19915420306340004
0.10245407815710254
0.20281199466808986
0.19996622766457633
0.623202971736656
0.0144859223852675
0.5878815641473328
0.7554271377423243
0.7454056133821417
0.6602138151873526
0.7243973130777287
0.6857413400461695
0.6421885903500566
0.6237666543217666
0.5254551734679197
0.8842706341413454
0.9111577260938675
0.9111321945561515
0.9680147130752794
0.9639436456929041
0.9598243761753242
0.24607866730701897
0.21308408981989385
0.1771086441805891
0.033948166765420194
0.5262951878007531
0.8396024464037601
0.8673973553620906
0.8628030626292709
0.3887581078841438
0.47919459052031826
0.3375020880514338
0.24580910739598844
0.2804095031873636
0.18646659203861518
0.6212179149938746
0.3636817936115245
0.7845523530617255
0.06270580283764951
0.07931397453399873
0.028546589302545555
0.018318617753744475
0.388117175807176
0.05504025086804432
0.7648751001184995
0.8674825640676206
0.20570503719434358
0.022924552956775455
0.3436883069150287
0.2800282404302306
0.4717156557049436
0.5340889061051679
0.6059140399967887
0.660053057003683
0.7253196231695308
0.7643092561486374
0.6596726494906735
0.4553704411515292
0.5169630089423839
0.4280716102056327
0.8495916272683691
0.815104071139133
0.6238584950006606
0.4800653515715944
0.022687035656404512
0.0871785326273498
0.20932154610960418
0.014493325536015048
0.6148542251148398
0.006511138784602122
0.6424267429955401
0.7555883724608994
0.704415317239519
0.7041252176930294
0.7040382701774018
0.6425066503458425
0.6507840689131461
0.5795209625331758
0.5176908215356296
0.931937242739413
0.914658099073559
0.9520930615230314
0.9679351075800855
0.9560092001822785
0.9679991133352769
0.20604303406361502
0.20948338084637325
0.17709903698679635
0.19937207149247652
0.6338035381865978
0.8346180269566863
0.8493813728451381
0.8299962166449568
0.38380586691737917
0.23081673678417222
0.32312177965767
0.29952949837183634
0.23400600036506383
0.028982024719697016
0.2683633443842807
0.18084213260845852
0.38983494004713215
0.47655846449480904
0.011415063924611888
0.11559109134067272
0.3844904680994704
0.19276535318519697
0.37324220367041167
0.5339549210138307
0.2982897519606745
0.14524538566498496
0.040654396437205274
0.39490080930895577
0.3507809673107895
0.48006925507805076
0.5415571595891099
0.5970341906846953
0.6595999146862637
0.7352144469560121
0.7555926482582616
0.6944165414141454
0.5495015953102217
0.49877169273263794
0.4280373270396292
0.8750752626480102
0.772443750746783
0.5715677227724102
0.3430553562315363
0.10206355755068951
0.1348920315495125
0.22007570065478516
0.014396171316688114
0.612974191030268
0.015206976426280598
0.6596739788214275
0.755422986647011
0.7140189392272649
0.6685554211531679
0.6773782056726423
0.6420234836515848
0.6052984068927529
0.5877442029580344
0.764915671974462
0.9219347743318097
0.9452052557072819
0.9598550962954004
0.956039322037231
0.9718950088839762
0.9679661199063037
0.1993599776715111
0.1958967886272466
0.18009100021685737
0.23072727159333792
0.6950803346275733
0.8208927233171943
0.8585518193059689
0.8255725811960782
0.3679602323992803
0.23814644006514546
0.35176917735607915
0.23785966519156723
0.1682907433968907
0.11646962522053313
0.19584081350440913
0.27379375172526405
0.40432609143108095
0.7025606860796199
0.2797434927139224
0.15340848237553847
0.09550828990726228
0.8056104659238671
0.22724338045844814
0.9219794516479627
0.07828738547915638
0.04762892318537946
0.04780889992171231
0.3841702607822917
0.36851204663535936
0.5160711905402643
0.516814459875161
0.6417143878044074
0.5965659322951168
0.6772956259609767
0.668792128717447
0.704213796787407
0.6424281353996223
0.677652797316972
0.8866596892462982
0.9219712586081926
0.6944878239441181
0.5571113977869069
0.10933763518893638
0.04081416507149562
0.1296628783428811
0.1710561035610341
0.011253201006842795
0.7987453641256912
0.3576831369905452
0.6769233484514312
0.7043148289804753
0.6686342519239483
0.6425805686133506
0.6146261071304355
0.6595159214221963
0.6055366815542018
0.5790841836962995
0.8540834324216862
0.9219349544875658
0.959855280458729
0.9598397676352463
0.9680298175202654
0.9718800291127779
0.9680440098659522
0.1925626386645428
0.16108258576651793
0.17404262761865477
0.2096439486329935
0.6777329337168855
0.8161688590587878
0.8631119004049335
0.8538300861786993
0.4049033130128416
0.22368318670536635
0.30793919512262957
0.14512766377628147
0.3365875632065653
0.18963575100458518
0.1449747489802842
0.20940552331144996
0.23127893365525198
0.5003706123886382
0.25807268070275574
0.36912525403519125
0.5563448141670336
0.9217437566520291
0.35747857450603476
0.03402555677278244
0.11650509353195135
0.07844777871418307
0.18617667611994468
0.28590841437576
0.25501362043332515
0.48885120485223743
0.498389102556781
0.5642915300829684
0.5642355986776572
0.6237688202516446
0.6056115809691025
0.6421080577813377
0.6599821905184338
0.8058786259054932
0.9420337698034515
0.8494045798752045
0.5418297031953747
0.44648951933479986
0.04798410004557684
0.0950567021238139
0.1994554573107944
0.17412959670827022
0.006506575282092587
0.8487968005728254
0.5960934422594811
0.6863232573520099
0.7249008622583555
0.69472137640197
0.6686334754342388
0.6510226033431129
0.6237712189584892
0.633055566655989
0.5168840087442221
0.8891981945778321
0.948618269887033
0.9718949503261058
0.9680298179644333
0.9598551598801784
0.9900663334079176
0.982769388566301
0.13491954508919346
0.14480116531748066
0.16099419381787258
0.23080181735422717
0.6951696556286672
0.8538947631014532
0.8674170553519556
0.8442401728881306
0.3886195554191618
0.409786003113732
0.58871695267929
0.06344912351632151
0.014512010645508798
0.17415022136909086
0.12905776920682666
0.2862805209856087
0.35035956717947736
0.6150951537094902
0.04813676784871971
0.5340301918982568
0.9791133987381371
0.23814700964648491
0.08670057609439105
0.07849763029243281
0.1738297659945132
0.1025507316493454
0.21679191481015325
0.23468951342663744
0.20283593017425236
0.43435266352547836
0.4712799653390593
0.5714600650150928
0.6150315727186513
0.5246271568142763
0.35672263454878783
0.36827603447712265
0.3891532133076756
0.3789297175496109
0.525147833999628
0.43474391479514535
0.6510212049637636
0.04086660742092979
0.13965537495652647
0.0790083797374972
0.2420078343678916
0.17699902091559616
0.07822014264340305
0.7149636581969081
0.7137537348549925
0.755331084299861
0.6948039989844452
0.6859663548133875
0.6337131635232738
0.6770690921569259
0.6143733142546498
0.6331394192628758
0.4982986483868812
0.9111824010279982
0.9857178954209125
0.9756362661242513
0.9718951181557051
0.9827973440321585
0.98283463955507
0.9857178959072863
0.1400943573512089
0.1348563219935729
0.11630696487607142
0.2797767390941053
0.694987461235836
0.8396485086928641
0.8750314667166615
0.8492388826951663
0.43360373135453434
0.21315950509607035
0.35055799571564966
0.16127508488352932
0.08706259426664333
0.3502344041000415
0.2852522894710011
0.5315458098229383
0.16460907946679607
0.4042711033978797
0.589039300931558
0.43382901519107964
0.2748682814711249
0.683738939628478
0.05513911629365593
0.1288830431144545
0.134789114584891
0.08741234683863951
0.1770789013103102
0.19600583745805406
0.13512418478089297
0.3683096852792342
0.41600295061235604
0.48899548004978927
0.5172212830574168
0.6596760655580223
0.5418928424381424
0.4481810149515179
0.47172600621782895
0.6772195975744005
0.6238607641224808
0.668485321194268
0.3430080315427696
0.04750680965399377
0.07100248600784169
0.17989279775669675
0.367352023665109
0.17106715553629967
0.13962462322650004
0.6524804807149582
0.7723497909775708
0.7147202033953894
0.7244921254143059
0.6950741816696606
0.7039543265703426
0.6769952032130218
0.6333081950159287
0.6424225650728659
0.4712190757451837
0.9598841941975073
0.982834614698384
0.9719230350155595
0.9857262307530815
0.9880637027107642
0.9718799098916032
0.9639112484489343
0.047507662816559264
0.09474794271980688
0.047691176014052566
0.29284441190455485
0.5722245037077982
0.8584693376381904
0.8674825633011338
0.8345765478155538
0.37326843987605873
0.2881241562041093
0.2737155084597963
0.1834251580606022
0.07844294397804127
0.12282468661975028
0.3706747338480547
0.22686823128262099
0.4153987530095235
0.2309491945933199
0.19600809322400758
0.362962014362955
0.8943489575382377
0.08717584768968117
0.08717744628501517
0.1495309177915366
0.12273157894312768
0.14495625719863595
0.17100614720185411
0.11635369814590854
0.18640464633082285
0.2422047237126304
0.36292433857407513
0.4553088352455807
0.5421196465568776
0.5571725834691147
0.5424256827344368
0.5639048497973445
0.5883414929340466
0.6596788255741772
0.6778174096772801
0.5880256797377319
0.1090797690237269
0.055137936693040436
0.10992029932666372
0.04087334514429575
0.25881865258216774
0.16795025188224713
0.21968411072656516
0.5588743596986437
0.7137560369100764
0.7354345842861568
0.6948031994424739
0.7146186769960146
0.724787646832708
0.6425805741123762
0.6234388225973977
0.6232174158013477
0.455017684844133
0.9791699259982296
0.9900796450921105
0.9932184350254851
0.9857329383863904
0.9718483467951645
0.9679827511452165
0.9756493643581912
0.06292678328051016
0.06311274094708261
0.08760080503640118
0.3441437334675858
0.5797324672299455
0.8630501962660506
0.8495544311015778
0.8345556451372168
0.37318025326122645
0.22719641526097864
0.2338654237183058
0.29362029157117425
0.1017878264087704
0.03383489888976366
0.21375009320336286
0.17111400377100777
0.5420056930415019
0.34997890783792673
0.28745698349968724
0.2556988517748082
0.11052899854603424
0.11621047812819715
0.07117620555813899
0.11594897894829422
0.08700078528949096
0.0628080786501367
0.10271845599784288
0.09516962356388474
0.17403270157070955
0.20262230594837
0.18019664788138962
0.3304359498490234
0.45588797579681906
0.5877478496183867
0.6145487283344843
0.8208468394384448
0.8111062603583996
0.8300855304100316
0.7542559446087428
0.16739187561516797
0.07069335849920819
0.10967746543810106
0.1677311008960964
0.10217441476004147
0.3560418305422551
0.18949187331791112
0.10318552123375384
0.6162478250546726
0.5883490931843629
0.7454087545135263
0.659756459315816
0.6861346539489155
0.685667358403738
0.6600517475380934
0.5963464728655862
0.5170906472285925
0.4000378267437578
0.9932261836392255
0.9857072452319334
0.9857072820602575
0.9857262908502837
0.9719093413851305
0.9639437114825171
0.9598101284194828
0.040609030307578724
0.10228328865317234
0.07081920888699621
0.3155046112344176
0.5887148516891166
0.8346846422395978
0.86739718064856
0.844287799733742
0.3436314509698355
0.31603657360542153
0.0866455631849301
0.20262346879522028
0.18308510098371894
0.08650830672706293
0.0737629052081102
0.16775403477183895
0.23865447427468198
0.3243898884297912
0.4489641565886608
0.4487283590162066
0.07874383280239183
0.0870616959134681
0.12290579633218789
0.05542810554881263
0.10263822409656408
0.12294338586863131
0.02818791763842963
0.15737396599086675
0.16777292579022252
0.1647999967757435
0.10981549244705811
0.15735720830730812
0.16467036177709687
0.37906968956286247
0.5418292480427087
0.694803153672928
0.815982593253334
0.7143082582832979
0.5879531977686541
0.02805505895639429
0.1291297255169981
0.12290353419503677
0.08712245897199092
0.12286648800564554
0.3293067968119567
0.189594771839338
0.12340477221496884
0.6260006686012979
0.6046685537822301
0.5795215544332379
0.6147903613771589
0.6684846124815211
0.6947186643682481
0.6596767962714344
0.5796565259605272
0.5639618008587526
0.428801823621741
0.9963879481141252
0.9719230842762744
0.9880468881449089
0.9756628731592026
0.9521287138910792
0.88913273311729
0.1676660593263178
0.12290502644211987
0.14455488858005483
0.02260636523721404
0.19261832032698464
0.5645477680881125
0.8346405894586811
0.8395544341644382
0.8207074114822969
0.7267327570805135
0.21664287822443692
0.014465740618413658
0.2857649715312825
0.22686544543474935
0.13980349509371615
0.15447376373708524
0.5648677053926168
0.027947903219309147
0.3751274733319912
0.2804759957687878
0.5337979618709304
0.8397303578369852
0.07075410701014999
0.14025567823051646
0.1089950370466579
0.05530825663456238
0.08737078970237036
0.04780983644376149
0.10264053032914579
0.08737259787097161
0.1091252412650735
0.2308750482411947
0.5168124949797642
0.4983017121374959
0.549445105691971
0.6052181299427427
0.686141244144454
0.6769219660225011
0.6952540423648349
0.8714968400901428
0.9385045811275197
0.3497514260586575
0.09480391037056972
0.047867958939574906
0.10923235786073317
0.3990864643062291
0.18661837898688857
0.19592023829060567
0.7945703464053337
0.39975940241551
0.3840950868330236
0.3790687322116549
0.38427517734738403
0.44800507874461765
0.5341527937408092
0.541954821718245
0.48898964305622655
0.7367912093563213
0.9857070932384631
0.9639606637327227
0.9679826835148054
0.9351999575907746
0.6588641621013293
0.011228221126346818
0.14978979761502034
0.4891496156341462
0.27394277561976793
0.14971267302229313
0.10217317869674385
0.3845354949861663
0.834598027344041
0.8538506871255658
0.9015074367142589
0.3731077974109932
0.884112051567214
0.014448725215908242
0.03412868717275388
0.0016449601121665755
0.41034411467174575
0.3617658929474938
0.5255943637452413
0.19946868526505265
0.12316892634924259
0.3003023255619922
0.38424820487566436
0.8381663280285865
0.19642919984082016
0.10223249913982671
0.054914104639863806
0.07063117941082626
0.109282541774625
0.1230111850400377
0.07934933916661802
0.1165078899621164
0.1226293334398336
0.2591889975627052
0.4481809663105817
0.45549223322744586
0.5496702872029166
0.5715707371990387
0.6596739135729122
0.6418646425188561
0.7645683995798056
0.8941255942001958
0.9254011636075632
0.9452161444561097
0.952184658960245
0.2680001176974372
0.008815661377798682
0.3681573503060545
0.19258518425920307
0.17715475342665654
0.8622838980683781
0.6142022518569612
0.5720132684095622
0.5336598517893907
0.4282297107245303
0.35701819453781264
0.292725273633642
0.2800233099535682
0.3300548427013508
0.6258302804717188
0.9597951789972303
0.9718948896544495
0.9597818230008807
0.7438280662587753
0.04798710889043154
0.17409026859781251
0.2236707743520135
0.5076299467398718
0.7037866596414797
0.399927120090948
0.11610262567963393
0.416487551777937
0.8210069215929041
0.839553984692978
0.8254545388567205
0.9183517225523666
0.23409261540994244
0.02265475218368559
0.011459248044773919
0.2803155360281738
0.19596941509216928
0.17692552061464326
0.15699916750987633
0.2380017626655701
0.13501884607023182
0.2871243853746077
0.5496147652435367
0.37227395003951697
0.2912038347186572
0.17078286881077198
0.07047865599373809
0.17082670536994776
0.10933482076825476
0.1537294949591052
0.08700264191011686
0.199227822896686
0.12916180148312414
0.2203304915416775
0.4281901928400663
0.4795276639381451
0.5496168699181668
0.5964916333422499
0.6049958746798598
0.6602155772957747
0.8001462565130936
0.8783907799986326
0.9046916948073552
0.9111701334181528
0.9419428675105994
0.9756364717710813
0.8907265500633724
0.23811481435313814
0.1448301415964395
0.1610923568431124
0.6777269764158461
0.6425059550211742
0.6329670780798923
0.6416449614289965
0.5791539468940273
0.5163401622349937
0.41063419997955897
0.3790973312683478
0.42771730156724264
0.867684433688526
0.9791139257999325
0.9755928380565563
0.8048097399369185
0.14009631069345854
0.2546742490163859
0.29280075881822315
0.2739914919253031
0.18650535948358687
0.5646821271617692
0.7806291696100891
0.18924249576129307
0.3844617992106064
0.8585317963608514
0.8444467257598168
0.8345767081372126
0.8150924971168588
0.008654946770739068
0.028097293818847426
0.18318148896313316
0.027981427295251573
0.2136106571740302
0.12844162363839662
0.26324521966501746
0.3789287614988075
0.19590872409716892
0.3009684897083766
0.6937759739499161
0.4008920917430616
0.2128572540944872
0.3923640695876632
0.04043099471246744
0.14470482215781763
0.13433498728822002
0.1646605157292936
0.06311234834203301
0.1956748843153643
0.3565089846396023
0.23440271387681436
0.3736728286129375
0.4806297489517518
0.6051403726319431
0.5644138738732389
0.6421885835112523
0.6858928774124327
0.7728195021410508
0.8494493895119909
0.8749574101507689
0.8941179096156228
0.9419084435675401
0.9679663518039188
0.9932247008276027
0.47719602887042645
0.08748493862772391
0.14925081330522907
0.5965672254419726
0.6685560353544953
0.6682574201666881
0.5797305866772567
0.5795220788296804
0.5341541191646836
0.4716384888088461
0.4556275601603067
0.4983810881505799
0.956100993212863
0.9857262305515148
0.9559688639961421
0.25014692952350176
0.29991124922295415
0.25923071580892076
0.3789583175837068
0.25464190376948326
0.0010534791909915097
0.3452948859243539
0.8345769984441516
0.2918004013012368
0.40577550973751564
0.849381578050906
0.8493813713848064
0.8394835883593978
0.35774924920206713
0.014421422126174362
0.06369259099956924
0.040609637935450804
0.040525031483317424
0.4060263261627703
0.22702818756938495
0.06247278288816345
0.15803705401280063
0.25918667364506387
0.4159108858522484
0.24206251719825633
0.6665527860212502
0.20585881038525766
0.5018084189052907
0.014396007314917206
0.14490183980050658
0.10222559305980154
0.14986747600547043
0.09450082408583287
0.23087373709235814
0.36248409913476937
0.1996592379293295
0.48939424580187546
0.5497864061782266
0.579519986709098
0.6418632650040745
0.6857413178885763
0.6514001891879587
0.7642393521226383
0.8207982849371389
0.8540305489677126
0.8915289087768696
0.9319781090913576
0.9560710079331044
0.9828432200525316
0.9954606329446165
0.018459785643747895
0.004728305952420496
0.4988446823746664
0.6241050753776404
0.6328065629842474
0.5965679322422341
0.5715673328316132
0.5641813259600654
0.471220673182547
0.48885353810560495
0.8714681471369397
0.9828432000780796
0.9828239083273005
0.891382204289098
0.25043482381967175
0.26412965360191515
0.3946815955080269
0.24604510774733268
0.33035462564077617
0.0016454209015320997
0.2553895160282338
0.8301264798722509
0.2586256403626691
0.3741957452983655
0.8631299756183483
0.8713674598506878
0.8748411447276886
0.7650621488276722
0.13991506732348427
0.10254737515001912
0.08705763267345751
0.011243293203676414
0.5778993248543849
0.023193205562973638
0.14950349802961366
0.04056550451002877
0.21307214618370884
0.4051719052934219
0.09555650398420264
0.36327929474789583
0.4389310913699683
0.8438534013994394
0.022519635581502568
0.16797137366101603
0.03433150489987157
0.13467063799822407
0.07911901425528567
0.29336990284515746
0.4339217070840962
0.27394581226879056
0.5418282233637177
0.5714587880071357
0.5641315985855727
0.5569511452728114
0.6237712119458859
0.6146291458907128
0.7246854367543846
0.7877487311305549
0.8444007772071743
0.8814456440339512
0.9111578645220908
0.9560710081895802
0.9791139258005497
0.9900972440265546
0.7395473794093572
0.001054382814729195
0.5807700599501691
0.6684833303924738
0.6683354781525025
0.5795220836297789
0.5567869985726361
0.4716406004095996
0.5072923706805085
0.9147544563770809
0.9521424398014056
0.9932184350374393
0.982768932677847
0.3784945278057653
0.25474710787764304
0.3629821388744154
0.33010856002083727
0.2928918325969027
0.3150742978519938
0.0006106221214337303
0.20977060325983746
0.8630291824370179
0.37794910501834
0.30876684433247287
0.8674353664043227
0.8586156308765435
0.844352918692614
0.4406260965456527
0.18300998912061217
0.05536635618739932
0.05493920300720331
0.2458908490262249
0.23424193669045953
0.07861871717795271
0.05493884817163201
0.03438359089212545
0.029164946807578352
0.19605854738228423
0.5070747166014131
0.6215304018440688
0.5352377289187197
0.24184826586349065
0.0864800820046912
0.20935342049990938
0.12931605162871468
0.07868244672145806
0.1832028530988889
0.4556223628351723
0.4159057119644123
0.24232477455129897
0.5077980049112977
0.5965652572200257
0.5641817112945076
0.5875589481521805
0.5571721172787077
0.614544237908253
0.6863187649038957
0.764510256385871
0.8301265824323024
0.867467876772904
0.9076334776747244
0.9419430487728948
0.9639766329683027
0.9857262741607422
0.9963835617185991
0.001144433066336477
0.6596768390877258
0.659520241495802
0.6051398390522829
0.564293311522052
0.57921964634284
0.5252214681773706
0.4478522405649953
0.9756901791690258
0.9521427064499233
0.9917769420657002
0.8990018503045737
0.3570201101242583
0.32251326008666087
0.4105717185056954
0.27971404906398634
0.33749917566500337
0.2548846392248529
0.0010534795515023444
0.04872855443496767
0.8538943775345949
0.39381849452634354
0.2806411919968355
0.839578674734428
0.8749572980968681
0.8583602283219632
0.7219532299961299
0.04092603365486264
0.05519000464562598
0.040660538591858496
0.1092837815195129
0.18644791735959665
0.14934644506420236
0.18300985618096052
0.004852586919834996
0.2553835274530281
0.23400546495943816
0.4408940787351202
0.3147668683460842
0.022566763482111098
0.009128410566451726
0.16467973598707902
0.19897460688780086
0.1739615416911071
0.04070828114397117
0.23839883802215828
0.4980529513250272
0.33651201511811063
0.31587227180781696
0.5568959773524159
0.5718108408580626
0.6232185989755573
0.5343386430383442
0.5962781066416062
0.5965653120573843
0.6596801578936885
0.7643107313615373
0.7942490699463498
0.8494038471510459
0.9046917265878346
0.9288455410310422
0.967966120898425
0.9828346148114716
0.9900884578135873
0.09759005858327718
0.588784707747991
0.6142842410294702
0.5964189524038095
0.5641832625776114
0.5642919355378875
0.525220821197186
0.48907294536385
0.9680440826576049
0.94195630338239
0.985726073412948
0.5247943985915142
0.39987391086108326
0.24230022592899786
0.29991086248932997
0.268875875450166
0.30793758178843067
0.25472792170859504
0.027978670038823584
0.011435558567901842
0.805905382098001
0.5484654312998526
0.25977528049114806
0.8396256646742744
0.8631113735090339
0.8345769962580886
0.7941426182266753
0.12277690150275693
0.03479589229408256
0.16434080742604598
0.018376200720797535
0.18941343647995482
0.18008132372145677
0.0339898786082701
0.05496909718203453
0.0632367268313031
0.24978627592190114
0.23124708790454584
0.22701564899910548
0.4974097632694758
0.8274839183629229
0.08655076785501055
0.06298893700128387
0.03388227481252777
0.14017748460535426
0.37394800583337295
0.4553647749860345
0.11581763799609361
0.45569835718198115
0.5796589686233201
0.6144570175402883
0.5876228669445337
0.5716224743862334
0.5497272647784799
0.6327246539947201
0.6331500664374935
0.7244940583053664
0.7645109876765616
0.8210068054386489
0.8868029460507794
0.9183161899537894
0.9521426504195942
0.9828345842693883
0.9828346397333138
0.36869706395593044
0.38938034829887164
0.5344084404112146
0.6595195427414801
0.6142066271196047
0.6325757261503367
0.6049250882469777
0.6506992368844837
0.5170294192208942
0.9522239481803549
0.9718180817194632
0.41040297742879256
0.2741781220682177
0.2861821061245625
0.21319739257862702
0.3568550490465571
0.24607897515966956
0.2796604046319028
0.004734784718961322
0.022803702768496834
0.8539166644624892
0.6226757541225032
0.22763252475007456
0.8209595404915196
0.8630921127427713
0.8584017629338362
0.48029879539110226
0.22679719062213183
0.140240468314161
0.047567144574592636
0.1771259890588727
0.06305197886359623
0.237766683874988
0.022798235860931812
0.018830487433643687
0.16845467670250772
0.5409291607164243
0.1648974350091286
0.13987901678928633
0.22006682011081238
0.008794542837013076
0.014622922308073506
0.03390864613814091
0.07887655437327552
0.21321025923652523
0.4279683774317184
0.4407975706249666
0.2203288797804291
0.5256586477804417
0.5877467452534415
0.642108097387708
0.5798010513041243
0.614368637616543
0.5877437423647887
0.5966411485163472
0.6330579852755986
0.7040383019570017
0.755426444367787
0.8111568677899906
0.8494043561620127
0.9110967414845305
0.952116539461451
0.9756739070743695
0.9828507188154397
0.9916629589112209
0.19257424633680154
0.20274650256503124
0.24637457925289832
0.3441003610632154
0.49759974789794537
0.6240301785447189
0.6855118442618809
0.5256662419818336
0.9917846935487675
0.8914158815893495
0.28590688591047
0.2203599677249962
0.19248235040805525
0.34414370386804805
0.25920757547773976
0.31571252051506665
0.2589638779170682
0.07880956558301068
0.11635033450812281
0.8161464361878384
0.793555088166937
0.24644407359560722
0.8209145260938367
0.8539165642303274
0.8630916305584136
0.206215094432452
0.17979693143819384
0.014421494592048443
0.12951977576015528
0.10922943745418769
0.03398472249086117
0.1401761301308647
0.153618067542447
0.018494119227638002
0.07921807797554227
0.3082622503802441
0.31599867322970376
0.2462199457414094
0.022583382007623953
0.07861653496716621
0.047283278386617625
0.0034495023278202403
0.12935665484511719
0.3629819814238709
0.40535108967204697
0.03380323064158183
0.45582817832844674
0.6322267805433807
0.587745666384922
0.564354046858829
0.6050707207768203
0.5965665397576032
0.5879537305502857
0.5571720964341892
0.5879581836171575
0.6602994055669609
0.7351163755994957
0.7939410091995606
0.8396032618627013
0.891540047868509
0.9254468061528074
0.9598552210203819
0.9857072824314532
0.991776932955928
0.26887465559805257
0.3502754801372962
0.2502960677407317
0.16099400782057685
0.0552497817112245
0.14022780160911016
0.9183034318579297
0.7807998468456104
0.9917667265322669
0.44020966206714873
0.1350371326048559
0.2028015662613862
0.3440529598547995
0.2591867548155736
0.2592298340739855
0.30012882445300487
0.14485419880541478
0.23069992658093413
0.3076143399703403
0.8112287892792094
0.8537427907230465
0.3002494112778742
0.8256391279297237
0.8713850946491593
0.8749246600115232
0.2935904209678547
0.04740296081719439
0.02809655692340871
0.055365084008849534
0.16070833013169483
0.04821665129574026
0.2058292659219944
0.14482609750044367
0.04108141459699746
0.1498394495770493
0.13509169483944516
0.15750082880314298
0.49618551676480926
0.06311643342178475
0.014561690206144439
0.004734772483003212
0.047569035726909736
0.22023834714411156
0.4000914243489977
0.03381692089509015
0.3231999089178258
0.5339597911143924
0.5494466213628314
0.5644133813878556
0.5722172416520916
0.6052984001812851
0.6594375228340891
0.6142820797466648
0.5640250238012258
0.5879526929384576
0.633308214911414
0.7244912269734001
0.7643130908398853
0.8057620991265002
0.8750488605953355
0.9182772673987081
0.9452642126888565
0.9719373669873334
0.9857388065176024
0.19595775149548814
0.3736407063041452
0.34395184448826477
0.23421485113422286
0.1800356182556055
0.12913203148823404
0.9352002900789033
0.8941791832044639
0.8051049018693535
0.10223019324200354
0.2095545334453069
0.22719573987178301
0.26866848041365304
0.20950599754465382
0.30018954296749123
0.27974313116567834
0.20262290188991686
0.11635493437428092
0.39468055627622217
0.7730304686241622
0.834459392599862
0.28643344055093445
0.8161005170953044
0.8714023189899635
0.8749569424306305
0.2388683753323208
0.008691575287992111
0.05519664087603237
0.1345035867733797
0.20271613401129435
0.06281043404703406
0.2919817803582511
0.31464093756758776
0.055710246720328954
0.04121006304977994
0.15713853570727984
0.2340817702733511
0.20947060337289128
0.014465140727885576
0.047282649250653744
0.011335832726302142
0.21317245868277496
0.14004453993241747
0.07935138605748614
0.3508543784860047
0.47134451181469783
0.5253810576187723
0.5570550084665008
0.5570069025467179
0.5881034566176164
0.6054601184983551
0.6767669034864533
0.651094904390802
0.613836288202038
0.5572337147470882
0.5877484855016295
0.668554158464284
0.7146218165872601
0.7729324409530072
0.8302540144623682
0.8940983776718248
0.9351894050150715
0.9790875247415398
0.9791570340295396
0.8731043335830942
0.2689114262565735
0.3154045536998018
0.28623452874057037
0.24222099100967265
0.259110716433186
0.9385849758289172
0.4468282929822786
0.1679097205890964
0.22705230885022298
0.2460137083065096
0.3442350138229682
0.1864275275057724
0.23825065117903266
0.3572447595357176
0.2636086118988122
0.195830293278987
0.0788143697786756
0.20284670782154646
0.5508123894536794
0.8537881940464525
0.3081832595652462
0.7942498009256586
0.8814454614325611
0.871366799242946
0.1610229912407773
0.04735801871541826
0.022687786283553155
0.19565416969861968
0.15817579727718425
0.07075760149043982
0.12248286935480034
0.38851657768236186
0.006610056247226696
0.41657066427825334
0.24586232897254884
0.20581649466126373
0.12932123995625158
0.047453832456900394
0.01829384441325463
0.10971841450650291
0.23074043138433922
0.300463045146464
0.41622810004396904
0.4713456643483436
0.5255938407327848
0.47999630031992113
0.5495622953126915
0.549503575972706
0.6053745901430454
0.6145417771295784
0.5970348469452045
0.6328826012943621
0.6238554070884808
0.5881842183130614
0.5880307688375053
0.6241085870845643
0.6516447749507243
0.7643842762085342
0.8209150326262105
0.8750489629537922
0.9047244812732959
0.9521288891758071
0.9756364714355331
0.9791377453751209
0.23807364792315341
0.31535352717229337
0.37901251882447196
0.41609518282224056
0.405230768843476
0.33021418379047357
0.25914834080396376
0.28590676701413464
0.22021303573164472
0.3301621598312491
0.20964301123735155
0.15740638153732325
0.3739481815439063
0.3569818265104034
0.19584081157501892
0.1678202848735379
0.07081751954359158
0.14022569601746238
0.7268843126878591
0.9520809590445108
0.32331647966515514
0.7942498029261998
0.8842078319587645
0.8674818829528497
0.23793586772052833
0.16756294599223678
0.1607407857961464
0.1228644012912582
0.17065113723775632
0.08644539565392415
0.09428047712878876
0.38970497579426805
0.6500614838066939
0.07999631197620474
0.15318280847279456
0.3737753275841665
0.2429054255225136
0.02784115695009817
0.02805634955788243
0.21324993987346955
0.3684552563643983
0.42212720546634647
0.44080282373175217
0.47141569079364737
0.48030789759920034
0.5339597810022563
0.5255280450288697
0.5793978471711336
0.5576218578647586
0.6141227945519734
0.6421878470416936
0.6144553976136359
0.6424274670633189
0.668333580143848
0.6333096718306394
0.6427372750893217
0.7244879405423686
0.7557321367075447
0.825506399699293
0.8585699408841249
0.90464798841611
0.959743975852451
0.9598699493787957
0.9857179510943713
0.1959573499945365
0.3225164903885842
0.35740352424200367
0.4221629249443027
0.4000357052731421
0.38417053599591083
0.4553070431806412
0.27404526851317174
0.3076629185015385
0.22368264426014056
0.19255300426692412
0.36292643471446057
0.46276614901519825
0.23066227398165579
0.09462611731201244
0.12893184044363268
